t,H,L
0.0,3.68,7.44
1.0,3.677028226677851,7.446619277329318
2.0,3.674091693400374,7.453178154223824
3.0,3.6711896513980284,7.459677813187323
4.0,3.6683213751644455,7.466119401911195
5.0,3.665486161508815,7.472504034636265
6.0,3.662683328655854,7.478832793448469
7.0,3.659912215390525,7.48510672951214
8.0,3.6571721802448613,7.4913268642445
9.0,3.6544626007244516,7.49749419043471
10.0,3.6517828725722823,7.503609673310573
11.0,3.6491324090678043,7.509674251555823
12.0,3.646510640359225,7.515688838280735
13.0,3.6439170128271554,7.521654321948596
14.0,3.641350988477871,7.527571567260432
15.0,3.6388120443645477,7.533441416000251
16.0,3.6362996720349443,7.539264687842871
17.0,3.6338133770041026,7.545042181126342
18.0,3.631352678250712,7.550774673590793
19.0,3.628917107735889,7.556462923085445
20.0,3.6265062099431797,7.56210766824544
21.0,3.6241195414386795,7.5677096291399994
22.0,3.6217566704502246,7.573269507893392
23.0,3.619417176464675,7.57878798928004
24.0,3.6171006498423646,7.584265741295075
25.0,3.61480669144785,7.5897034157015355
26.0,3.6125349122961428,7.59510164855535
27.0,3.6102849332136513,7.600461060709195
28.0,3.608056384513107,7.6057822582962205
29.0,3.605848905681794,7.611065833194623
30.0,3.6036621450824278,7.6163123634739565
31.0,3.601495759666083,7.621522413824054
32.0,3.599349414696586,7.626696535967347
33.0,3.5972227834858375,7.631835269055374
34.0,3.5951155471395366,7.636939140050184
35.0,3.5930273943128386,7.642008664091327
36.0,3.59095802097547,7.6470443448490935
37.0,3.5889071301858753,7.652046674864591
38.0,3.586874431873979,7.657016135877279
39.0,3.584859642632176,7.66195319914048
40.0,3.5828624855141737,7.666858325725423
41.0,3.580882689841344,7.6717319668142965
42.0,3.5789199910162446,7.676574563982793
43.0,3.5769741303429994,7.681386549472602
44.0,3.575044854854234,7.686168346454264
45.0,3.573131917144287,7.690920369280806
46.0,3.5712350752084205,7.69564302373254
47.0,3.569354092287781,7.700336707253388
48.0,3.567488736719858,7.705001809179093
49.0,3.5656387817942155,7.7096387109576385
50.0,3.5638040056132714,7.714247786362206
51.0,3.561984190957916,7.7188294016969605
52.0,3.5601791251577715,7.723383915995962
53.0,3.5583885999658977,7.7279116812154705
54.0,3.5566124114377677,7.732413042419914
55.0,3.554850359814337,7.736888337961762
56.0,3.5531022494090423,7.741337899655549
57.0,3.551367888498575,7.745762052946266
58.0,3.5496470892172773,7.750161117072356
59.0,3.5479396674550165,7.754535405223496
60.0,3.5462454427584063,7.758885224693392
61.0,3.544564238235241,7.763210877027745
62.0,3.542895880462018,7.767512658167598
63.0,3.5412401993944322,7.771790858588225
64.0,3.5395970282807263,7.776045763433718
65.0,3.537966203577792,7.780277652647453
66.0,3.536347564869913,7.784486801098566
67.0,3.5347409547900583,7.788673478704596
68.0,3.5331462189436205,7.792837950550428
69.0,3.5315632058345208,7.796980477003678
70.0,3.5299917667935823,7.801101313826635
71.0,3.528431755909096,7.805200712284894
72.0,3.526883029959496,7.80927891925279
73.0,3.525345448348069,7.81333617731575
74.0,3.5238188730396267,7.8173727248696645
75.0,3.5223031684990653,7.821388796217394
76.0,3.520798201631754,7.825384621662496
77.0,3.519303841725677,7.829360427600276
78.0,3.517819960395278,7.833316436606252
79.0,3.5163464315269395,7.837252867522121
80.0,3.514883131226047,7.841169935539312
81.0,3.513429937765577,7.845067852280204
82.0,3.51198673153616,7.848946825877091
83.0,3.510553394997569,7.852807061048965
84.0,3.5091298126315835,7.8566487591761955
85.0,3.507715870896181,7.86047211837316
86.0,3.5063114581810164,7.864277333558914
87.0,3.50491646476414,7.868064596525949
88.0,3.5035307827699183,7.871834096007096
89.0,3.5021543061281144,7.875586017740656
90.0,3.500786930534093,7.8793205445337895
91.0,3.4994285534101106,7.883037856324232
92.0,3.4980790738676553,7.886738130240396
93.0,3.4967383926708058,7.89042154065989
94.0,3.4954064122005732,7.8940882592665265
95.0,3.494083036420197,7.897738455105846
96.0,3.492768170841361,7.901372294639219
97.0,3.491461722491305,7.904989941796561
98.0,3.4901635998808014,7.908591558027704
99.0,3.4888737129729672,7.912177302352468
100.0,3.4875919731528917,7.9157473314094675
101.0,3.486318293198049,7.919301799503699
102.0,3.4850525872494726,7.922840858652936
103.0,3.4837947707836694,7.92636465863298
104.0,3.482544760585252,7.929873347021781
105.0,3.4813024747202634,7.933367069242488
106.0,3.4800678325101764,7.936845968605437
107.0,3.478840754506547,7.94031018634912
108.0,3.477621162466301,7.943759861680166
109.0,3.4764089793276365,7.94719513181235
110.0,3.4752041291865217,7.950616132004676
111.0,3.4740065372737736,7.954022995598544
112.0,3.472816129932699,7.957415854054042
113.0,3.47163283459728,7.96079483698537
114.0,3.470456579770888,7.964160072195441
115.0,3.4692872950055187,7.967511685709669
116.0,3.4681249108815186,7.970849801808963
117.0,3.4669693589878032,7.974174543061967
118.0,3.465820571902543,7.977486030356548
119.0,3.4646784831743105,7.980784382930567
120.0,3.4635430273036705,7.984069718401937
121.0,3.462414139725204,7.987342152798006
122.0,3.461291756789953,7.990601800584274
123.0,3.460175815748272,7.993848774692456
124.0,3.4590662547330817,7.9970831865479175
125.0,3.4579630127435044,8.000305146096503
126.0,3.4568660296288773,8.003514761830758
127.0,3.4557752460731326,8.00671214081558
128.0,3.454690603579532,8.009897388713297
129.0,3.4536120444557463,8.013070609808196
130.0,3.4525395117992748,8.016231907030521
131.0,3.451472949483188,8.019381381979944
132.0,3.4504123021421935,8.02251913494853
133.0,3.44935751515901,8.025645264943204
134.0,3.448308534651043,8.028759869707741
135.0,3.447265307457356,8.031863045744283
136.0,3.446227781125927,8.03495488833439
137.0,3.445195903901186,8.038035491559665
138.0,3.44416962471182,8.041104948321921
139.0,3.4431488931588485,8.044163350362943
140.0,3.4421336595039502,8.047210788283824
141.0,3.441123874658046,8.0502473515639
142.0,3.4401194901701246,8.053273128579304
143.0,3.4391204582163053,8.056288206621119
144.0,3.438126731589136,8.059292671913168
145.0,3.4371382636871153,8.062286609629442
146.0,3.4361550085044366,8.065270103911166
147.0,3.4351769206209473,8.068243237883518
148.0,3.4342039551923165,8.071206093672014
149.0,3.4332360679404097,8.074158752418562
150.0,3.432273215143861,8.077101294297194
151.0,3.43131535362884,8.08003379852948
152.0,3.4303624407600113,8.082956343399637
153.0,3.4294144344316746,8.085869006269345
154.0,3.428471293059089,8.088771863592257
155.0,3.427532975569973,8.091664990928237
156.0,3.4265994413961742,8.094548462957311
157.0,3.4256706504655106,8.09742235349335
158.0,3.4247465631937724,8.10028673549748
159.0,3.4238271404768845,8.103141681091248
160.0,3.422912343683227,8.105987261569513
161.0,3.4220021346461054,8.108823547413108
162.0,3.421096475656371,8.111650608301245
163.0,3.4201953294551872,8.114468513123699
164.0,3.4192986592269357,8.117277329992746
165.0,3.418406428592262,8.120077126254882
166.0,3.417518601601259,8.122867968502327
167.0,3.416635142726777,8.125649922584298
168.0,3.4157560168578684,8.128423053618087
169.0,3.4148811892933555,8.131187425999922
170.0,3.4140106257355223,8.133943103415632
171.0,3.4131442922839272,8.136690148851113
172.0,3.412282155429333,8.139428624602601
173.0,3.4114241820477513,8.142158592286759
174.0,3.4105703393946,8.144880112850572
175.0,3.4097205950989706,8.147593246581074
176.0,3.4088749171580046,8.15029805311489
177.0,3.4080332739313706,8.152994591447602
178.0,3.407195634135849,8.15568291994296
179.0,3.406361966840014,8.158363096341914
180.0,3.4055322414590146,8.16103517777149
181.0,3.404706427749452,8.163699220753513
182.0,3.4038844958043506,8.166355281213162
183.0,3.403066416048221,8.169003414487388
184.0,3.402252159232213,8.171643675333172
185.0,3.4014416964293557,8.174276117935648
186.0,3.400634999029885,8.176900795916076
187.0,3.3998320387366547,8.17951776233968
188.0,3.399032787560628,8.182127069723348
189.0,3.3982372178164537,8.1847287700432
190.0,3.3974453021181183,8.187322914742028
191.0,3.396657013374675,8.189909554736596
192.0,3.3958723247860494,8.192488740424835
193.0,3.3950912098389203,8.195060521692898
194.0,3.394313642302671,8.197624947922101
195.0,3.393539596225411,8.200182067995746
196.0,3.3927690459300694,8.20273193030583
197.0,3.392001966010555,8.205274582759642
198.0,3.391238331327983,8.207810072786247
199.0,3.390478117006966,8.210338447342854
200.0,3.3897212984319722,8.212859752921098
201.0,3.3889678512437404,8.215374035553195
202.0,3.388217751335762,8.21788134081801
203.0,3.3874709748508205,8.220381713847022
204.0,3.386727498177588,8.222875199330186
205.0,3.3859872979472834,8.225361841521702
206.0,3.385250351030383,8.22784168424569
207.0,3.38451663453339,8.230314770901773
208.0,3.383786125795654,8.23278114447057
209.0,3.383058802386248,8.235240847519098
210.0,3.382334642100894,8.237693922206084
211.0,3.381613622958943,8.240140410287204
212.0,3.3808957232003998,8.24258035312022
213.0,3.380180921283003,8.245013791670049
214.0,3.3794691958793486,8.247440766513748
215.0,3.3787605258740623,8.249861317845417
216.0,3.3780548903610184,8.252275485481025
217.0,3.377352268640603,8.254683308863164
218.0,3.3766526402170216,8.257084827065722
219.0,3.375955984795652,8.25948007879849
220.0,3.3752622822804366,8.261869102411687
221.0,3.3745715127713205,8.26425193590043
222.0,3.3738836565617283,8.26662861690912
223.0,3.3731986941360805,8.268999182735762
224.0,3.372516606167352,8.271363670336228
225.0,3.3718373735146674,8.273722116328448
226.0,3.3711609772209346,8.276074556996537
227.0,3.370487398510516,8.278421028294854
228.0,3.3698166187869374,8.280761565852012
229.0,3.3691486196306304,8.283096204974816
230.0,3.3684833827967124,8.285424980652145
231.0,3.3678208902128,8.287747927558776
232.0,3.367161123976856,8.290065080059147
233.0,3.3665040663550716,8.292376472211073
234.0,3.3658496997797784,8.294682137769392
235.0,3.3651980068473955,8.296982110189573
236.0,3.3645489703164064,8.299276422631253
237.0,3.3639025731053676,8.30156510796174
238.0,3.363258798290946,8.303848198759445
239.0,3.362617629105989,8.306125727317283
240.0,3.3619790489376205,8.308397725646007
241.0,3.3613430413253695,8.3106642254775
242.0,3.360709589959323,8.31292525826803
243.0,3.3600786786783092,8.315180855201437
244.0,3.359450291468107,8.317431047192281
245.0,3.3588244124596827,8.31967586488896
246.0,3.358201025927453,8.321915338676764
247.0,3.3575801162875725,8.324149498680883
248.0,3.3569616680962486,8.326378374769396
249.0,3.35634566604808,8.328601996556191
250.0,3.355732094974419,8.330820393403856
251.0,3.3551209398417607,8.333033594426528
252.0,3.354512185750152,8.3352416284927
253.0,3.353905817931626,8.337444524227989
254.0,3.3533018217486608,8.339642310017865
255.0,3.3527001826926552,8.341835014010341
256.0,3.3521008863824338,8.344022664118624
257.0,3.3515039185627664,8.346205288023736
258.0,3.3509092651029153,8.348382913177085
259.0,3.3503169119951974,8.350555566803015
260.0,3.3497268453535725,8.352723275901313
261.0,3.3491390514122465,8.354886067249682
262.0,3.3485535165242992,8.357043967406177
263.0,3.347970227160328,8.359197002711618
264.0,3.347389169907113,8.361345199291952
265.0,3.346810331466299,8.363488583060606
266.0,3.346233698653098,8.36562717972079
267.0,3.345659258395009,8.367761014767769
268.0,3.3450869977305557,8.36989011349112
269.0,3.3445169038080422,8.372014500976938
270.0,3.343948963884325,8.374134202110028
271.0,3.343383165323603,8.37624924157606
272.0,3.3428194955962245,8.378359643863698
273.0,3.3422579422775094,8.380465433266696
274.0,3.341698493046589,8.382566633885975
275.0,3.3411411356852607,8.384663269631663
276.0,3.3405858580768593,8.386755364225108
277.0,3.3400326482051423,8.388842941200878
278.0,3.3394814941531927,8.390926023908717
279.0,3.3389323841023337,8.393004635515487
280.0,3.338385306331061,8.395078799007077
281.0,3.3378402492139876,8.397148537190295
282.0,3.3372972012208026,8.399213872694727
283.0,3.336756150915247,8.401274827974575
284.0,3.336217086954099,8.403331425310476
285.0,3.335679998086176,8.405383686811295
286.0,3.3351448731513487,8.407431634415882
287.0,3.334611701079568,8.409475289894832
288.0,3.3340804708899054,8.411514674852198
289.0,3.3335511716896065,8.413549810727194
290.0,3.3330237926731554,8.415580718795876
291.0,3.3324983231213534,8.417607420172802
292.0,3.331974752400409,8.41962993581266
293.0,3.331453069961038,8.421648286511894
294.0,3.330933265337579,8.423662492910294
295.0,3.330415328147117,8.425672575492573
296.0,3.329899248088621,8.42767855458992
297.0,3.3293850149420905,8.429680450381543
298.0,3.3288726185677144,8.431678282896174
299.0,3.328362048905041,8.43367207201358
300.0,3.327853295972158,8.435661837466036
301.0,3.3273463498648823,8.437647598839781
302.0,3.3268412007559616,8.439629375576471
303.0,3.3263378388942866,8.441607186974597
304.0,3.3258362546041105,8.443581052190893
305.0,3.325336438284281,8.44555099024173
306.0,3.3248383804074817,8.447517020004483
307.0,3.3243420715194816,8.449479160218893
308.0,3.3238475022383955,8.4514374294884
309.0,3.3233546632539537,8.453391846281477
310.0,3.322863545326779,8.455342428932925
311.0,3.3223741392876764,8.45728919564517
312.0,3.3218864360369267,8.459232164489542
313.0,3.321400426543594,8.46117135340753
314.0,3.3209161018448374,8.463106780212026
315.0,3.320433453045235,8.465038462588566
316.0,3.319952471316114,8.466966418096534
317.0,3.3194731478948882,8.468890664170369
318.0,3.3189954740844065,8.470811218120746
319.0,3.3185194412523082,8.472728097135755
320.0,3.318045040830384,8.47464131828206
321.0,3.3175722643139487,8.476550898506037
322.0,3.3171011032612183,8.478456854634913
323.0,3.3166315492926963,8.48035920337788
324.0,3.316163594090567,8.482257961327202
325.0,3.315697229398096,8.484153144959304
326.0,3.315232447019039,8.486044770635857
327.0,3.3147692388170555,8.48793285460484
328.0,3.3143075967151323,8.489817413001592
329.0,3.313847512695011,8.491698461849866
330.0,3.313388978796624,8.493576017062844
331.0,3.312931987117539,8.495450094444166
332.0,3.3124765298124066,8.497320709688932
333.0,3.312022599092415,8.499187878384696
334.0,3.3115701872247545,8.501051616012452
335.0,3.3111192865320844,8.502911937947607
336.0,3.310669889392008,8.504768859460937
337.0,3.3102219882365542,8.50662239571954
338.0,3.3097755755516642,8.508472561787782
339.0,3.3093306438766845,8.510319372628212
340.0,3.308887185803866,8.512162843102491
341.0,3.3084451939778683,8.514002987972297
342.0,3.3080046610952705,8.515839821900222
343.0,3.3075655799040886,8.51767335945066
344.0,3.3071279432032954,8.51950361509068
345.0,3.3066917438423493,8.521330603190906
346.0,3.306256974720726,8.52315433802636
347.0,3.3058236287874587,8.524974833777325
348.0,3.305391699040679,8.526792104530168
349.0,3.304961178527167,8.528606164278184
350.0,3.304532060341905,8.53041702692241
351.0,3.3041043376276362,8.53222470627244
352.0,3.3036780035744298,8.534029216047223
353.0,3.3032530514192477,8.53583056987586
354.0,3.30282947444552,8.537628781298388
355.0,3.3024072659827235,8.539423863766558
356.0,3.301986419405963,8.541215830644601
357.0,3.3015669281355633,8.54300469520999
358.0,3.3011487856366575,8.54479047065419
359.0,3.300731985418787,8.5465731700834
360.0,3.300316521035502,8.548352806519294
361.0,3.2999023860839682,8.550129392899738
362.0,3.299489574204577,8.55190294207952
363.0,3.2990780790805605,8.553673466831057
364.0,3.29866789443761,8.5554409798451
365.0,3.298259014043501,8.557205493731429
366.0,3.297851431707717,8.558967021019543
367.0,3.2974451412810866,8.560725574159344
368.0,3.297040136655413,8.562481165521808
369.0,3.2966364117631186,8.564233807399656
370.0,3.2962339605768856,8.565983512008012
371.0,3.2958327771093043,8.567730291485057
372.0,3.2954328554125243,8.569474157892676
373.0,3.2950341895779096,8.571215123217097
374.0,3.2946367737356974,8.572953199369524
375.0,3.29424060205466,8.574688398186764
376.0,3.293845668741772,8.576420731431845
377.0,3.2934519680418783,8.578150210794636
378.0,3.2930594942373697,8.579876847892443
379.0,3.2926682416478568,8.581600654270618
380.0,3.2922782046298527,8.58332164140315
381.0,3.2918893775764553,8.585039820693257
382.0,3.2915017549170345,8.586755203473961
383.0,3.2911153311169223,8.588467801008674
384.0,3.290730100677107,8.59017762449176
385.0,3.2903460581339297,8.591884685049104
386.0,3.2899631980587842,8.593588993738667
387.0,3.28958151505782,8.595290561551044
388.0,3.2892010037716495,8.596989399410008
389.0,3.2888216588750563,8.598685518173053
390.0,3.2884434750767086,8.600378928631928
391.0,3.288066447118874,8.602069641513172
392.0,3.287690569777138,8.603757667478634
393.0,3.2873158378601257,8.605443017126001
394.0,3.2869422462092257,8.607125700989306
395.0,3.286569789698318,8.608805729539439
396.0,3.286198463233502,8.610483113184655
397.0,3.2858282617528314,8.612157862271069
398.0,3.2854591802260487,8.613829987083156
399.0,3.285091213654323,8.615499497844237
400.0,3.2847243570699924,8.617166404716965
401.0,3.284358605536305,8.618830717803803
402.0,3.2839939541471677,8.620492447147504
403.0,3.2836303980268933,8.622151602731575
404.0,3.283267932329952,8.623808194480752
405.0,3.2829065522407257,8.62546223226145
406.0,3.282546252973265,8.62711372588223
407.0,3.282187029771046,8.628762685094246
408.0,3.281828877906733,8.630409119591695
409.0,3.281471792681942,8.63205303901226
410.0,3.2811157694270063,8.633694452937544
411.0,3.280760803500745,8.635333370893518
412.0,3.280406890290234,8.636969802350936
413.0,3.280054025210579,8.638603756725777
414.0,3.2797022037046903,8.640235243379651
415.0,3.2793514212430597,8.641864271620234
416.0,3.279001673323542,8.643490850701669
417.0,3.278652955471135,8.645114989824984
418.0,3.278305263237766,8.646736698138495
419.0,3.2779585922020744,8.648355984738211
420.0,3.277612937969203,8.649972858668232
421.0,3.2772682961705875,8.65158732892114
422.0,3.2769246624637476,8.653199404438396
423.0,3.276582032532084,8.654809094110725
424.0,3.276240402084673,8.656416406778495
425.0,3.2758997668560657,8.65802135123211
426.0,3.2755601226060875,8.659623936212368
427.0,3.2752214651196425,8.661224170410852
428.0,3.274883790206515,8.662822062470287
429.0,3.274547093701178,8.664417620984914
430.0,3.2742113714626004,8.666010854500843
431.0,3.273876619374057,8.667601771516425
432.0,3.27354283334294,8.669190380482597
433.0,3.273210009300573,8.670776689803237
434.0,3.272878143202026,8.67236070783552
435.0,3.2725472310259334,8.673942442890251
436.0,3.2722172687743107,8.675521903232223
437.0,3.2718882524723782,8.677099097080543
438.0,3.2715601781683805,8.678674032608978
439.0,3.2712330419334124,8.68024671794628
440.0,3.2709068398612433,8.681817161176529
441.0,3.270581568068146,8.683385370339442
442.0,3.2702572226927233,8.684951353430716
443.0,3.2699337998957416,8.686515118402333
444.0,3.269611295859961,8.688076673162893
445.0,3.269289706789969,8.689636025577919
446.0,3.2689690289120175,8.691193183470173
447.0,3.2686492584738573,8.692748154619965
448.0,3.268330391744579,8.694300946765463
449.0,3.268012425014451,8.695851567602993
450.0,3.267695354594761,8.697400024787342
451.0,3.2673791768176605,8.698946325932058
452.0,3.2670638880360077,8.700490478609742
453.0,3.2667494846232135,8.70203249035235
454.0,3.2664359629730884,8.703572368651471
455.0,3.2661233194996924,8.705110120958627
456.0,3.265811550637183,8.706645754685551
457.0,3.2655006528396693,8.708179277204472
458.0,3.2651906225810614,8.709710695848397
459.0,3.264881456354927,8.711240017911388
460.0,3.2645731506743463,8.712767250648838
461.0,3.2642657020717682,8.714292401277742
462.0,3.263959107098869,8.715815476976971
463.0,3.2636533623264117,8.717336484887536
464.0,3.2633484643441055,8.718855432112857
465.0,3.2630444097604694,8.720372325719026
466.0,3.262741195202694,8.72188717273507
467.0,3.262438817316507,8.723399980153204
468.0,3.2621372727660374,8.724910754929097
469.0,3.2618365582336843,8.726419503982115
470.0,3.261536670419983,8.727926234195586
471.0,3.261237606043476,8.729430952417038
472.0,3.26093936184058,8.730933665458455
473.0,3.260641934565463,8.73243438009652
474.0,3.260345320989911,8.733933103072857
475.0,3.2600495179032065,8.735429841094279
476.0,3.2597545221120003,8.736924600833015
477.0,3.2594603304401897,8.738417388926964
478.0,3.259166939728794,8.739908211979913
479.0,3.258874346835834,8.741397076561782
480.0,3.2585825486362103,8.742883989208853
481.0,3.258291542021585,8.744368956423997
482.0,3.258001323900262,8.745851984676904
483.0,3.257711891197069,8.747333080404303
484.0,3.257423240853243,8.748812250010193
485.0,3.257135369826312,8.75028949986606
486.0,3.2568482750899843,8.7517648363111
487.0,3.256561953634031,8.753238265652431
488.0,3.2562764024641764,8.754709794165317
489.0,3.255991618601985,8.756179428093374
490.0,3.255707599084752,8.757647173648788
491.0,3.255424340965393,8.759113037012526
492.0,3.255141841312335,8.76057702433454
493.0,3.25486009720941,8.762039141733977
494.0,3.2545791057557483,8.763499395299387
495.0,3.2542988640656696,8.764957791088923
496.0,3.2540193692685824,8.766414335130543
497.0,3.2537406185088775,8.767869033422212
498.0,3.253462608945825,8.769321891932101
499.0,3.2531853377534725,8.770772916598782
500.0,3.2529088021205435,8.772222113331424
501.0,3.2526329992503373,8.773669488009988
502.0,3.2523579263606286,8.775115046485418
503.0,3.2520835806835695,8.776558794579831
504.0,3.251809959465591,8.778000738086709
505.0,3.251537059967306,8.77944088277108
506.0,3.251264879463413,8.780879234369714
507.0,3.2509934152426,8.782315798591297
508.0,3.2507226646074514,8.78375058111662
509.0,3.2504526248743524,8.785183587598755
510.0,3.2501832933733965,8.786614823663248
511.0,3.2499146674482935,8.788044294908278
512.0,3.2496467444562773,8.789472006904852
513.0,3.2493795217680153,8.790897965196967
514.0,3.249112996767519,8.792322175301795
515.0,3.248847166852054,8.793744642709845
516.0,3.2485820294320513,8.795165372885146
517.0,3.2483175819310204,8.796584371265405
518.0,3.248053821785461,8.798001643262188
519.0,3.247790746444778,8.799417194261075
520.0,3.2475283533711945,8.800831029621836
521.0,3.2472666400396673,8.80224315467859
522.0,3.2470056039378035,8.80365357473997
523.0,3.2467452425657757,8.805062295089282
524.0,3.2464855534362402,8.806469320984672
525.0,3.2462265340742538,8.80787465765928
526.0,3.245968182017193,8.809278310321401
527.0,3.2457104948146727,8.81068028415464
528.0,3.2454534700284667,8.81208058431807
529.0,3.2451971052324278,8.81347921594638
530.0,3.2449413980124078,8.81487618415004
531.0,3.244686345966181,8.81627149401544
532.0,3.2444319467033664,8.817665150605054
533.0,3.244178197845349,8.819057158957575
534.0,3.2439250970252056,8.820447524088076
535.0,3.2436726418876267,8.82183625098815
536.0,3.2434208300888443,8.823223344626063
537.0,3.243169659296554,8.824608809946888
538.0,3.242919127189845,8.82599265187266
539.0,3.2426692314591223,8.827374875302512
540.0,3.242419969806038,8.82875548511282
541.0,3.242171339943416,8.830134486157343
542.0,3.2419233395951825,8.83151188326736
543.0,3.241675966496294,8.832887681251812
544.0,3.2414292183926667,8.834261884897437
545.0,3.2411830930411076,8.835634498968906
546.0,3.2409375882092437,8.837005528208962
547.0,3.2406927016754543,8.83837497733855
548.0,3.2404484312288027,8.839742851056949
549.0,3.2402047746689675,8.841109154041911
550.0,3.2399617298061765,8.842473890949785
551.0,3.2397192944611395,8.84383706641565
552.0,3.2394774664649826,8.845198685053447
553.0,3.2392362436591813,8.8465587514561
554.0,3.2389956238954976,8.847917270195653
555.0,3.238755605035913,8.849274245823384
556.0,3.2385161849525668,8.850629682869942
557.0,3.23827736152769,8.851983585845463
558.0,3.2380391326535443,8.853335959239702
559.0,3.237801496232358,8.854686807522146
560.0,3.2375644501762655,8.856036135142139
561.0,3.237327992407244,8.857383946529007
562.0,3.237092120857053,8.85873024609217
563.0,3.2368568334671735,8.86007503822127
564.0,3.2366221281887486,8.861418327286279
565.0,3.236388002982523,8.862760117637622
566.0,3.236154455818783,8.864100413606296
567.0,3.235921484677299,8.865439219503978
568.0,3.235689087547266,8.866776539623142
569.0,3.2354572624272473,8.868112378237177
570.0,3.2352260073251142,8.869446739600495
571.0,3.234995320257992,8.870779627948641
572.0,3.2347651992522013,8.872111047498414
573.0,3.2345356423432023,8.873441002447967
574.0,3.23430664757554,8.874769496976919
575.0,3.234078213002787,8.876096535246466
576.0,3.233850336687491,8.87742212139949
577.0,3.233623016701117,8.878746259560662
578.0,3.2333962511239966,8.880068953836549
579.0,3.233170038045272,8.881390208315723
580.0,3.232944375562844,8.882710027068864
581.0,3.2327192617833185,8.88402841414886
582.0,3.2324946948219533,8.885345373590917
583.0,3.232270672802608,8.886660909412658
584.0,3.2320471938576905,8.887975025614224
585.0,3.231824256128106,8.889287726178377
586.0,3.2316018577632066,8.890599015070597
587.0,3.2313799969207406,8.891908896239189
588.0,3.2311586717668024,8.89321737361537
589.0,3.2309378804757816,8.894524451113378
590.0,3.230717621230315,8.895830132630568
591.0,3.230497892221237,8.8971344220475
592.0,3.2302786916475306,8.898437323228045
593.0,3.230060017716279,8.899738840019474
594.0,3.2298418686426187,8.901038976252558
595.0,3.22962424264969,8.902337735741655
596.0,3.2294071379685914,8.903635122284813
597.0,3.2291905528383316,8.904931139663853
598.0,3.228974485505783,8.906225791644466
599.0,3.228758934225637,8.907519081976304
600.0,3.228543897260355,8.908811014393068
601.0,3.2283293728801263,8.910101592612603
602.0,3.22811535936282,8.911390820336985
603.0,3.227901854993941,8.912678701252604
604.0,3.2276888580665872,8.913965239030265
605.0,3.227476366881402,8.915250437325263
606.0,3.227264379746532,8.916534299777476
607.0,3.227052894977584,8.917816830011452
608.0,3.2268419108975817,8.91909803163649
609.0,3.22663142583692,8.920377908246731
610.0,3.2264214381333263,8.92165646342124
611.0,3.226211946131815,8.922933700724085
612.0,3.226002948184646,8.924209623704431
613.0,3.2257944426512855,8.925484235896615
614.0,3.22558642789836,8.926757540820226
615.0,3.2253789022996195,8.928029541980196
616.0,3.2251718642358935,8.929300242866871
617.0,3.2249653120950517,8.9305696469561
618.0,3.224759244271964,8.931837757709307
619.0,3.22455365916846,8.933104578573579
620.0,3.2243485551932887,8.934370112981735
621.0,3.2241439307620796,8.935634364352417
622.0,3.2239397842973045,8.936897336090151
623.0,3.223736114228237,8.938159031585442
624.0,3.2235329189909137,8.939419454214837
625.0,3.223330197028098,8.940678607341008
626.0,3.22312794678924,8.941936494312825
627.0,3.22292616673044,8.943193118465434
628.0,3.2227248553144086,8.944448483120329
629.0,3.222524011010433,8.945702591585428
630.0,3.222323632294337,8.946955447155144
631.0,3.222123717648446,8.94820705311046
632.0,3.2219242655615488,8.949457412719001
633.0,3.2217252745288634,8.950706529235108
634.0,3.221526743051999,8.951954405899906
635.0,3.221328669638922,8.95320104594138
636.0,3.2211310528039188,8.954446452574441
637.0,3.220933891067562,8.955690629000996
638.0,3.220737182956675,8.956933578410023
639.0,3.2205409270042966,8.958175303977638
640.0,3.220345121749647,8.95941580886716
641.0,3.220149765738093,8.960655096229184
642.0,3.2199548575211154,8.961893169201645
643.0,3.2197603956562735,8.96313003090989
644.0,3.2195663787071718,8.96436568446674
645.0,3.2193728052434274,8.965600132972563
646.0,3.2191796738406366,8.966833379515332
647.0,3.2189869830803417,8.968065427170698
648.0,3.2187947315499983,8.96929627900205
649.0,3.2186029178429427,8.970525938060582
650.0,3.218411540558361,8.971754407385358
651.0,3.218220598301255,8.972981690003374
652.0,3.218030089682412,8.974207788929625
653.0,3.217840013318373,8.975432707167164
654.0,3.2176503678314003,8.976656447707162
655.0,3.217461151849448,8.977879013528984
656.0,3.2172723640061287,8.979100407600233
657.0,3.2170840029406857,8.980320632876825
658.0,3.2168960672979603,8.981539692303045
659.0,3.216708555728362,8.982757588811603
660.0,3.216521466887839,8.983974325323704
661.0,3.216334799437847,8.985189904749099
662.0,3.2161485520453215,8.98640432998615
663.0,3.215962723382646,8.98761760392189
664.0,3.2157773121276247,8.988829729432075
665.0,3.215592316963452,8.990040709381246
666.0,3.2154077365786833,8.99125054662279
667.0,3.2152235696672085,8.992459243998995
668.0,3.215039814928221,8.993666804341107
669.0,3.21485647106619,8.994873230469382
670.0,3.214673536790834,8.996078525193155
671.0,3.21449101081709,8.997282691310883
672.0,3.214308891865088,8.998485731610208
673.0,3.214127178660122,8.99968764886801
674.0,3.2139458699326244,9.000888445850464
675.0,3.213764964418136,9.002088125313092
676.0,3.2135844608572808,9.00328669000082
677.0,3.2134043579957394,9.00448414264803
678.0,3.213224654584221,9.005680485978614
679.0,3.2130453493784374,9.006875722706026
680.0,3.2128664411390777,9.00806985553334
681.0,3.21268792863178,9.009262887153294
682.0,3.212509810627108,9.010454820248354
683.0,3.2123320859005218,9.011645657490755
684.0,3.212154753232355,9.012835401542558
685.0,3.211977811407789,9.0140240550557
686.0,3.211801259216826,9.015211620672046
687.0,3.2116250954542656,9.016398101023437
688.0,3.2114493189196778,9.017583498731746
689.0,3.21127392841738,9.018767816408921
690.0,3.2110989227564124,9.01995105665704
691.0,3.210924300750511,9.021133222068357
692.0,3.210750061218086,9.022314315225353
693.0,3.2105762029821965,9.023494338700784
694.0,3.210402724870526,9.02467329505773
695.0,3.2102296257153595,9.025851186849643
696.0,3.2100569043535585,9.027028016620394
697.0,3.209884559626538,9.028203786904323
698.0,3.209712590380244,9.029378500226285
699.0,3.2095409954651286,9.030552159101694
700.0,3.2093697737361278,9.031724766036573
701.0,3.2091989240526377,9.032896323527602
702.0,3.209028445278493,9.03406683406216
703.0,3.2088583362819434,9.035236300118374
704.0,3.2086885959356306,9.03640472416516
705.0,3.2085192231165665,9.037572108662276
706.0,3.208350216706111,9.03873845606036
707.0,3.20818157558995,9.039903768800976
708.0,3.2080132986580727,9.041068049316662
709.0,3.2078453848047497,9.042231300030974
710.0,3.2076778329285127,9.043393523358521
711.0,3.207510641932131,9.04455472170502
712.0,3.2073438107225916,9.045714897467336
713.0,3.207177338211076,9.046874053033521
714.0,3.2070112233129424,9.04803219078286
715.0,3.2068454649477003,9.049189313085916
716.0,3.2066800620389935,9.050345422304565
717.0,3.206515013514576,9.051500520792045
718.0,3.2063503183062947,9.052654610892997
719.0,3.2061859753500657,9.053807694943504
720.0,3.206021983585856,9.054959775271133
721.0,3.2058583419576627,9.056110854194975
722.0,3.2056950494134924,9.057260934025688
723.0,3.205532104905341,9.058410017065539
724.0,3.2053695073891753,9.059558105608438
725.0,3.205207255824911,9.060705201939989
726.0,3.2050453491763955,9.061851308337515
727.0,3.2048837864113864,9.062996427070107
728.0,3.204722566501533,9.064140560398668
729.0,3.204561688422357,9.06528371057594
730.0,3.204401151153233,9.066425879846552
731.0,3.204240953677369,9.067567070447053
732.0,3.2040810949817895,9.068707284605956
733.0,3.203921574057314,9.069846524543772
734.0,3.20376238989854,9.070984792473048
735.0,3.203603541503824,9.072122090598407
736.0,3.2034450278752633,9.073258421116586
737.0,3.2032868480186765,9.074393786216469
738.0,3.2031290009435867,9.075528188079128
739.0,3.2029714856632023,9.076661628877858
740.0,3.2028143011943997,9.077794110778216
741.0,3.2026574465577053,9.078925635938056
742.0,3.202500920777277,9.080056206507562
743.0,3.2023447228808877,9.08118582462929
744.0,3.2021888518999058,9.0823144924382
745.0,3.2020333068692794,9.083442212061692
746.0,3.201878086827519,9.084568985619642
747.0,3.201723190816679,9.085694815224436
748.0,3.2015686178823417,9.086819702981007
749.0,3.201414367073599,9.087943650986867
750.0,3.201260437443036,9.089066661332147
751.0,3.201106828046715,9.090188736099623
752.0,3.200953537944158,9.091309877364758
753.0,3.2008005661983288,9.092430087195728
754.0,3.200647911875619,9.093549367653466
755.0,3.200495574045829,9.094667720791689
756.0,3.2003435517821543,9.095785148656928
757.0,3.2001918441611665,9.096901653288569
758.0,3.2000404502627986,9.098017236718883
759.0,3.1998893691703287,9.099131900973056
760.0,3.1997385999703645,9.100245648069226
761.0,3.1995881417528267,9.10135848001851
762.0,3.1994379936109327,9.102470398825043
763.0,3.1992881546411827,9.103581406486004
764.0,3.1991386239433424,9.104691504991653
765.0,3.198989400620428,9.105800696325359
766.0,3.1988404837786915,9.106908982463631
767.0,3.198691872527604,9.108016365376152
768.0,3.1985435659798425,9.109122847025809
769.0,3.1983955632512715,9.110228429368725
770.0,3.1982478634609315,9.111333114354286
771.0,3.1981004657310215,9.112436903925177
772.0,3.1979533691868856,9.11353980001741
773.0,3.1978065729569978,9.114641804560351
774.0,3.1976600761729466,9.115742919476757
775.0,3.1975138779694205,9.116843146682799
776.0,3.197367977484195,9.117942488088095
777.0,3.197222373858117,9.119040945595742
778.0,3.1970770662350887,9.12013852110234
779.0,3.196932053762057,9.121235216498027
780.0,3.1967873355889957,9.122331033666502
781.0,3.1966429108688947,9.123425974485057
782.0,3.1964987787577432,9.12452004082461
783.0,3.1963549384145167,9.125613234549725
784.0,3.1962113890011636,9.126705557518648
785.0,3.1960681296825912,9.127797011583327
786.0,3.195925159626652,9.128887598589452
787.0,3.195782478004128,9.129977320376474
788.0,3.1956400839887222,9.131066178777631
789.0,3.195497976757039,9.132154175619984
790.0,3.195356155488575,9.13324131272444
791.0,3.195214619365705,9.134327591905777
792.0,3.1950733675736664,9.135413014972675
793.0,3.194932399300549,9.136497583727742
794.0,3.1947917137372808,9.13758129996754
795.0,3.1946513100776137,9.138664165482613
796.0,3.194511187518113,9.139746182057513
797.0,3.194371345258142,9.140827351470826
798.0,3.194231782499851,9.1419076754952
799.0,3.194092498448164,9.142987155897366
800.0,3.1939534923107655,9.144065794438172
801.0,3.193814763298089,9.145143592872603
802.0,3.1936763106233035,9.14622055294981
803.0,3.1935381335023014,9.147296676413132
804.0,3.1934002311536864,9.148371965000125
805.0,3.1932626027987605,9.149446420442583
806.0,3.193125247661513,9.15052004446657
807.0,3.1929881649686065,9.151592838792437
808.0,3.1928513539493664,9.152664805134856
809.0,3.1927148138357686,9.153735945202836
810.0,3.1925785438624263,9.15480626069975
811.0,3.19244254326658,9.155875753323365
812.0,3.192306811288084,9.156944424765857
813.0,3.1921713471693964,9.158012276713846
814.0,3.1920361501555647,9.15907931084841
815.0,3.191901219494217,9.160145528845117
816.0,3.1917665544355494,9.161210932374042
817.0,3.1916321542323134,9.162275523099794
818.0,3.191498018139806,9.163339302681543
819.0,3.1913641454158572,9.164402272773035
820.0,3.1912305353208197,9.165464435022626
821.0,3.191097187117557,9.166525791073296
822.0,3.1909641000714326,9.167586342562675
823.0,3.1908312734502986,9.168646091123069
824.0,3.190698706524484,9.169705038381476
825.0,3.190566398566785,9.170763185959618
826.0,3.190434348852453,9.171820535473957
827.0,3.1903025566591845,9.172877088535719
828.0,3.19017102126711,9.173932846750915
829.0,3.190039741958783,9.174987811720367
830.0,3.189908718019169,9.176041985039726
831.0,3.189777948735636,9.177095368299495
832.0,3.189647433397943,9.178147963085054
833.0,3.1895171712982293,9.179199770976679
834.0,3.1893871617310046,9.180250793549561
835.0,3.189257403993139,9.181301032373835
836.0,3.189127897383851,9.182350489014592
837.0,3.188998641204699,9.183399165031911
838.0,3.1888696347595697,9.18444706198087
839.0,3.1887408773546695,9.185494181411572
840.0,3.188612368298512,9.186540524869168
841.0,3.1884841069019108,9.187586093893872
842.0,3.1883560924779664,9.188630890020987
843.0,3.1882283243420586,9.189674914780923
844.0,3.188100801811836,9.19071816969922
845.0,3.1879735242072056,9.191760656296564
846.0,3.1878464908503235,9.19280237608881
847.0,3.187719701065584,9.193843330587006
848.0,3.1875931541796128,9.194883521297404
849.0,3.1874668495212535,9.195922949721488
850.0,3.1873407864215606,9.19696161735599
851.0,3.1872149642137897,9.197999525692913
852.0,3.1870893822333866,9.199036676219546
853.0,3.1869640398179797,9.200073070418487
854.0,3.186838936307369,9.201108709767661
855.0,3.1867140710435176,9.202143595740344
856.0,3.1865894433705426,9.203177729805173
857.0,3.1864650526347056,9.204211113426172
858.0,3.186340898184403,9.205243748062772
859.0,3.186216979370157,9.206275635169824
860.0,3.1860932955446075,9.207306776197623
861.0,3.1859698460625023,9.208337172591925
862.0,3.185846630280688,9.209366825793968
863.0,3.1857236475581003,9.210395737240484
864.0,3.1856008972557572,9.211423908363725
865.0,3.185478378736748,9.212451340591478
866.0,3.1853560913662258,9.213478035347084
867.0,3.1852340345113985,9.214503994049455
868.0,3.1851122075415197,9.215529218113092
869.0,3.1849906098278797,9.216553708948107
870.0,3.184869240743798,9.217577467960234
871.0,3.1847480996646147,9.218600496550856
872.0,3.18462718596768,9.219622796117012
873.0,3.1845064990323477,9.220644368051422
874.0,3.1843860382399667,9.221665213742506
875.0,3.184265802973871,9.222685334574395
876.0,3.184145792619373,9.22370473192695
877.0,3.1840260065637542,9.224723407175787
878.0,3.1839064441962583,9.225741361692283
879.0,3.1837871049080806,9.226758596843597
880.0,3.1836679880923615,9.227775113992694
881.0,3.1835490931441783,9.22879091449835
882.0,3.183430419460537,9.229805999715184
883.0,3.1833119664403635,9.230820370993657
884.0,3.1831937334844964,9.231834029680101
885.0,3.1830757199956787,9.232846977116733
886.0,3.18295792537855,9.233859214641669
887.0,3.182840349039638,9.234870743588944
888.0,3.1827229903873526,9.235881565288528
889.0,3.182605848831975,9.236891681066338
890.0,3.1824889237856526,9.237901092244256
891.0,3.18237221466239,9.238909800140151
892.0,3.1822557208780413,9.239917806067886
893.0,3.182139441850303,9.240925111337342
894.0,3.1820233769987056,9.241931717254426
895.0,3.1819075257446072,9.242937625121094
896.0,3.181791887511185,9.243942836235362
897.0,3.181676461723428,9.244947351891325
898.0,3.1815612478081294,9.245951173379169
899.0,3.1814462451938796,9.24695430198519
900.0,3.181331453311059,9.247956738991805
901.0,3.18121687159183,9.248958485677575
902.0,3.1811024994701294,9.249959543317212
903.0,3.1809883363816627,9.250959913181598
904.0,3.180874381763895,9.2519595965378
905.0,3.180760635056045,9.252958594649085
906.0,3.1806470956990776,9.253956908774935
907.0,3.1805337631356965,9.25495454017106
908.0,3.1804206368103376,9.255951490089416
909.0,3.1803077161691613,9.256947759778217
910.0,3.1801950006600457,9.257943350481954
911.0,3.18008248973258,9.258938263441403
912.0,3.179970182838057,9.259932499893644
913.0,3.179858079429467,9.260926061072073
914.0,3.17974617896149,9.261918948206421
915.0,3.179634480890489,9.262911162522764
916.0,3.179522984674504,9.263902705243538
917.0,3.1794116897732447,9.264893577587552
918.0,3.1793005956480833,9.265883780770006
919.0,3.1791897017620485,9.266873316002503
920.0,3.1790790075798183,9.26786218449306
921.0,3.178968512567714,9.268850387446129
922.0,3.1788582161936927,9.269837926062602
923.0,3.1787481179273422,9.270824801539831
924.0,3.1786382172398726,9.271811015071641
925.0,3.178528513604111,9.272796567848342
926.0,3.178419006494494,9.273781461056743
927.0,3.1783096953870635,9.274765695880163
928.0,3.1782005797594577,9.275749273498452
929.0,3.178091659090906,9.276732195087996
930.0,3.1779829328622227,9.277714461821736
931.0,3.1778744005557997,9.278696074869178
932.0,3.177766061655602,9.279677035396405
933.0,3.1776579156471594,9.280657344566096
934.0,3.177549962017562,9.281637003537535
935.0,3.1774422002554528,9.282616013466622
936.0,3.177334629851022,9.28359437550589
937.0,3.1772272502960015,9.284572090804517
938.0,3.1771200610836576,9.285549160508337
939.0,3.1770130617087857,9.286525585759852
940.0,3.176906251667704,9.287501367698251
941.0,3.176799630458247,9.288476507459414
942.0,3.176693197579761,9.28945100617593
943.0,3.1765869525330976,9.29042486497711
944.0,3.1764808948206062,9.291398084988995
945.0,3.1763750239461297,9.29237066733437
946.0,3.176269339414999,9.293342613132781
947.0,3.1761638407340245,9.294313923500543
948.0,3.1760585274114943,9.295284599550751
949.0,3.1759533989571653,9.296254642393295
950.0,3.1758484548822588,9.297224053134872
951.0,3.175743694699454,9.298192832878996
952.0,3.1756391179228833,9.299160982726011
953.0,3.1755347240681253,9.300128503773104
954.0,3.1754305126522007,9.301095397114315
955.0,3.1753264831935657,9.30206166384055
956.0,3.1752226352121062,9.303027305039596
957.0,3.175118968229133,9.303992321796121
958.0,3.175015481767377,9.304956715191702
959.0,3.17491217535098,9.305920486304826
960.0,3.1748090485054945,9.306883636210902
961.0,3.174706100757874,9.307846165982278
962.0,3.17460333163647,9.308808076688246
963.0,3.1745007406710255,9.309769369395058
964.0,3.1743983273926695,9.310730045165934
965.0,3.1742960913339124,9.311690105061079
966.0,3.1741940320286406,9.312649550137685
967.0,3.17409214901211,9.313608381449951
968.0,3.1739904418209433,9.31456660004909
969.0,3.173888909993121,9.31552420698334
970.0,3.17378755306798,9.316481203297975
971.0,3.173686370586206,9.317437590035317
972.0,3.173585362089829,9.318393368234746
973.0,3.173484527122217,9.319348538932715
974.0,3.173383865228075,9.320303103162752
975.0,3.173283375953434,9.321257061955478
976.0,3.17318305884565,9.322210416338617
977.0,3.1730829134533978,9.323163167337004
978.0,3.1729829393266664,9.324115315972598
979.0,3.1728831360167526,9.32506686326449
980.0,3.172783503076258,9.326017810228915
981.0,3.1726840400590817,9.326968157879264
982.0,3.172584746520418,9.327917907226093
983.0,3.1724856220167497,9.328867059277131
984.0,3.1723866661058437,9.329815615037298
985.0,3.1722878783467463,9.330763575508703
986.0,3.1721892582997775,9.331710941690666
987.0,3.172090805526528,9.332657714579721
988.0,3.1719925195898524,9.33360389516963
989.0,3.171894400053865,9.33454948445139
990.0,3.171796446483937,9.335494483413248
991.0,3.1716986584466884,9.336438893040704
992.0,3.171601035509986,9.337382714316526
993.0,3.171503577242937,9.338325948220758
994.0,3.1714062832158856,9.339268595730733
995.0,3.171309153000408,9.340210657821077
996.0,3.171212186169307,9.341152135463725
997.0,3.1711153822966085,9.342093029627925
998.0,3.1710187409575563,9.343033341280252
999.0,3.1709222617286077,9.343973071384616
1000.0,3.1708259441874285,9.344912220902271
1001.0,3.1707297879128897,9.345850790791827
1002.0,3.1706337924850616,9.346788782009256
1003.0,3.1705379574852106,9.347726195507905
1004.0,3.1704422824957934,9.348663032238502
1005.0,3.1703467671004537,9.349599293149167
1006.0,3.1702514108840174,9.350534979185424
1007.0,3.170156213432488,9.351470091290206
1008.0,3.1700611743330427,9.352404630403868
1009.0,3.169966293174027,9.35333859746419
1010.0,3.169871569544952,9.354271993406392
1011.0,3.169777003036489,9.355204819163147
1012.0,3.1696825932404655,9.356137075664579
1013.0,3.1695883397498608,9.357068763838278
1014.0,3.1694942421588013,9.357999884609312
1015.0,3.1694003000625575,9.358930438900229
1016.0,3.169306513057539,9.359860427631073
1017.0,3.1692128807412896,9.360789851719387
1018.0,3.1691194027124854,9.361718712080227
1019.0,3.1690260785709277,9.362647009626167
1020.0,3.168932907917541,9.36357474526731
1021.0,3.168839890354368,9.364501919911296
1022.0,3.168747025484566,9.365428534463307
1023.0,3.1686543129124023,9.366354589826084
1024.0,3.16856175224325,9.367280086899928
1025.0,3.168469343083585,9.368205026582713
1026.0,3.1683770850409814,9.369129409769892
1027.0,3.1682849777241064,9.370053237354506
1028.0,3.1681930207427182,9.370976510227196
1029.0,3.1681012137076605,9.371899229276206
1030.0,3.16800955623086,9.372821395387394
1031.0,3.1679180479253213,9.373743009444242
1032.0,3.1678266884051225,9.37466407232786
1033.0,3.1677354772854134,9.375584584916998
1034.0,3.16764441418241,9.376504548088054
1035.0,3.1675534987133904,9.37742396271508
1036.0,3.167462730496692,9.378342829669792
1037.0,3.1673721091517075,9.37926114982158
1038.0,3.16728163429888,9.38017892403751
1039.0,3.167191305559701,9.38109615318234
1040.0,3.167101122556705,9.382012838118518
1041.0,3.1670110849134665,9.382928979706202
1042.0,3.166921192254596,9.38384457880326
1043.0,3.166831444205737,9.384759636265278
1044.0,3.1667418403935605,9.385674152945573
1045.0,3.166652380445764,9.386588129695193
1046.0,3.166563063991065,9.387501567362936
1047.0,3.166473890659199,9.388414466795346
1048.0,3.1663848600809166,9.38932682883673
1049.0,3.1662959718879775,9.390238654329156
1050.0,3.1662072257131486,9.391149944112474
1051.0,3.1661186211902,9.392060699024311
1052.0,3.1660301579539016,9.392970919900087
1053.0,3.1659418356400186,9.393880607573017
1054.0,3.1658536538853097,9.39478976287412
1055.0,3.165765612327522,9.395698386632233
1056.0,3.1656777106053875,9.396606479674007
1057.0,3.165589948358621,9.397514042823925
1058.0,3.165502325227916,9.398421076904302
1059.0,3.16541484085494,9.399327582735298
1060.0,3.1653274948823324,9.400233561134922
1061.0,3.165240286953701,9.401139012919037
1062.0,3.165153216713618,9.402043938901375
1063.0,3.165066283807616,9.40294833989354
1064.0,3.1649794878821873,9.403852216705008
1065.0,3.164892828584777,9.40475557014315
1066.0,3.164806305563782,9.405658401013227
1067.0,3.164719918468547,9.406560710118399
1068.0,3.164633666949361,9.407462498259735
1069.0,3.1645475506574536,9.408363766236219
1070.0,3.164461569244993,9.409264514844757
1071.0,3.1643757223650817,9.410164744880184
1072.0,3.164290009671753,9.411064457135272
1073.0,3.1642044308199684,9.411963652400733
1074.0,3.1641189854656138,9.41286233146523
1075.0,3.164033673265497,9.413760495115387
1076.0,3.163948493877344,9.414658144135787
1077.0,3.1638634469597955,9.415555279308984
1078.0,3.163778532172404,9.416451901415511
1079.0,3.163693749175631,9.417348011233887
1080.0,3.1636090976308435,9.418243609540617
1081.0,3.1635245772003104,9.419138697110208
1082.0,3.1634401875472,9.42003327471517
1083.0,3.163355928335577,9.420927343126024
1084.0,3.1632717992303983,9.42182090311131
1085.0,3.1631877998975115,9.422713955437594
1086.0,3.1631039300036505,9.423606500869468
1087.0,3.1630201892164327,9.424498540169566
1088.0,3.1629365772043565,9.425390074098564
1089.0,3.1628530936367976,9.426281103415192
1090.0,3.1627697381840063,9.427171628876234
1091.0,3.162686510517105,9.42806165123654
1092.0,3.162603410308084,9.428951171249029
1093.0,3.162520437229799,9.429840189664699
1094.0,3.1624375909559683,9.430728707232626
1095.0,3.162354871161171,9.431616724699982
1096.0,3.162272277520841,9.432504242812028
1097.0,3.1621898097112675,9.433391262312133
1098.0,3.162107467409589,9.434277783941772
1099.0,3.1620252502937927,9.435163808440533
1100.0,3.1619431580427104,9.43604933654613
1101.0,3.1618611903360163,9.436934368994399
1102.0,3.1617793468542232,9.43781890651931
1103.0,3.1616976272786808,9.438702949852974
1104.0,3.1616160312915715,9.439586499725648
1105.0,3.161534558575909,9.44046955686574
1106.0,3.1614532088155345,9.441352121999815
1107.0,3.1613719816951136,9.442234195852604
1108.0,3.161290876900135,9.443115779147007
1109.0,3.1612098941169053,9.443996872604098
1110.0,3.1611290330325494,9.444877476943134
1111.0,3.161048293335005,9.445757592881561
1112.0,3.16096767471302,9.44663722113502
1113.0,3.160887176856152,9.447516362417348
1114.0,3.1608067994547637,9.44839501744059
1115.0,3.16072654220002,9.449273186915004
1116.0,3.1606464047838863,9.450150871549061
1117.0,3.160566386899125,9.451028072049457
1118.0,3.160486488239294,9.45190478912112
1119.0,3.1604067084987424,9.452781023467208
1120.0,3.1603270473726086,9.453656775789124
1121.0,3.160247504556818,9.454532046786513
1122.0,3.1601680797480802,9.455406837157275
1123.0,3.1600887726438853,9.456281147597567
1124.0,3.160009582942503,9.457154978801807
1125.0,3.1599305103429782,9.458028331462685
1126.0,3.159851554545131,9.458901206271165
1127.0,3.1597727152495505,9.459773603916487
1128.0,3.1596939921575955,9.460645525086182
1129.0,3.15961538497139,9.46151697046607
1130.0,3.159536893393821,9.462387940740268
1131.0,3.159458517128536,9.463258436591193
1132.0,3.1593802558799418,9.464128458699573
1133.0,3.1593021093531997,9.464998007744448
1134.0,3.1592240772542244,9.465867084403175
1135.0,3.159146159289681,9.466735689351438
1136.0,3.1590683551669825,9.467603823263246
1137.0,3.1589906645942882,9.468471486810948
1138.0,3.1589130872805002,9.46933868066523
1139.0,3.158835622935261,9.470205405495122
1140.0,3.158758271268951,9.471071661968008
1141.0,3.158681031992687,9.471937450749627
1142.0,3.158603904818318,9.472802772504076
1143.0,3.158526889458425,9.473667627893825
1144.0,3.158449985626317,9.47453201757971
1145.0,3.1583731930360295,9.475395942220945
1146.0,3.1582965114023205,9.47625940247513
1147.0,3.15821994044067,9.477122398998246
1148.0,3.158143479867277,9.47798493244467
1149.0,3.1580671293990563,9.478847003467179
1150.0,3.1579908887536376,9.479708612716946
1151.0,3.1579147576493622,9.480569760843558
1152.0,3.15783873580528,9.48143044849501
1153.0,3.15776282294115,9.482290676317717
1154.0,3.157687018777433,9.483150444956518
1155.0,3.157611323035295,9.484009755054679
1156.0,3.1575357354366016,9.484868607253896
1157.0,3.157460255703915,9.485727002194306
1158.0,3.157384883560494,9.486584940514486
1159.0,3.1573096187302907,9.487442422851464
1160.0,3.157234460937948,9.488299449840717
1161.0,3.157159409908798,9.489156022116182
1162.0,3.1570844653688592,9.490012140310256
1163.0,3.1570096270448342,9.490867805053805
1164.0,3.1569348946641074,9.491723016976163
1165.0,3.156860267954744,9.492577776705147
1166.0,3.1567857466454865,9.49343208486705
1167.0,3.156711330465752,9.494285942086655
1168.0,3.156637019145632,9.495139348987234
1169.0,3.156562812415889,9.495992306190553
1170.0,3.1564887100079537,9.496844814316882
1171.0,3.156414711653924,9.497696873984994
1172.0,3.1563408170865626,9.498548485812172
1173.0,3.156267026039294,9.499399650414214
1174.0,3.1561933382462035,9.500250368405435
1175.0,3.1561197534420344,9.501100640398679
1176.0,3.156046271362186,9.501950467005312
1177.0,3.1559728917427115,9.502799848835235
1178.0,3.155899614320316,9.503648786496887
1179.0,3.155826438832355,9.504497280597251
1180.0,3.1557533650168303,9.505345331741852
1181.0,3.15568039261239,9.50619294053477
1182.0,3.1556075213583257,9.50704010757864
1183.0,3.1555347509945704,9.507886833474652
1184.0,3.155462081261696,9.508733118822567
1185.0,3.1553895119009123,9.509578964220713
1186.0,3.155317042654064,9.51042437026599
1187.0,3.1552446732636295,9.511269337553877
1188.0,3.1551724034727173,9.512113866678432
1189.0,3.155100233025067,9.512957958232304
1190.0,3.155028161665043,9.51380161280673
1191.0,3.154956189137637,9.514644830991545
1192.0,3.1548843151884625,9.51548761337518
1193.0,3.154812539563755,9.516329960544672
1194.0,3.154740862010369,9.517171873085665
1195.0,3.1546692822757763,9.518013351582418
1196.0,3.1545978001080637,9.518854396617803
1197.0,3.1545264152559316,9.519695008773315
1198.0,3.1544551274686916,9.520535188629074
1199.0,3.154383936496265,9.521374936763829
1200.0,3.154312842089181,9.522214253754962
1201.0,3.1542418439985735,9.523053140178495
1202.0,3.1541709419761808,9.52389159660909
1203.0,3.154100135774342,9.524729623620054
1204.0,3.154029425145998,9.525567221783346
1205.0,3.1539588098446854,9.52640439166958
1206.0,3.153888289624539,9.527241133848026
1207.0,3.153817864240286,9.528077448886618
1208.0,3.1537475334472473,9.528913337351957
1209.0,3.153677297001334,9.529748799809314
1210.0,3.1536071546590447,9.530583836822634
1211.0,3.1535371061774664,9.531418448954541
1212.0,3.15346715131427,9.532252636766342
1213.0,3.1533972898277103,9.533086400818032
1214.0,3.1533275214766228,9.533919741668292
1215.0,3.153257846020422,9.534752659874503
1216.0,3.1531882632191013,9.535585155992742
1217.0,3.153118772833229,9.536417230577788
1218.0,3.153049374623948,9.537248884183128
1219.0,3.152980068352973,9.53808011736096
1220.0,3.152910853782589,9.538910930662194
1221.0,3.1528417306756507,9.539741324636458
1222.0,3.1527726987955784,9.540571299832102
1223.0,3.1527037579063584,9.541400856796203
1224.0,3.15263490777254,9.54222999607457
1225.0,3.152566148159235,9.543058718211737
1226.0,3.152497478832113,9.543887023750987
1227.0,3.152428899557404,9.544714913234333
1228.0,3.1523604101018936,9.545542387202541
1229.0,3.1522920102329217,9.546369446195122
1230.0,3.1522236997183817,9.547196090750338
1231.0,3.1521554783267183,9.54802232140521
1232.0,3.152087345826925,9.548848138695515
1233.0,3.1520193019885445,9.549673543155798
1234.0,3.151951346581664,9.550498535319369
1235.0,3.1518834793769166,9.551323115718308
1236.0,3.151815700145477,9.55214728488347
1237.0,3.1517480086590624,9.552971043344488
1238.0,3.1516804046899285,9.55379439162978
1239.0,3.151612888010869,9.554617330266543
1240.0,3.151545458395214,9.55543985978077
1241.0,3.1514781156168272,9.556261980697242
1242.0,3.1514108594501065,9.557083693539537
1243.0,3.1513436896699805,9.557904998830034
1244.0,3.151276606051907,9.558725897089914
1245.0,3.151209608371872,9.559546388839165
1246.0,3.151142696406388,9.560366474596586
1247.0,3.151075869932493,9.561186154879792
1248.0,3.151009128727746,9.56200543020521
1249.0,3.1509424725702293,9.562824301088092
1250.0,3.1508759012385448,9.563642768042515
1251.0,3.150809414511813,9.56446083158138
1252.0,3.1507430121696705,9.565278492216425
1253.0,3.1506766939922697,9.566095750458217
1254.0,3.150610459760276,9.566912606816164
1255.0,3.150544309254868,9.567729061798515
1256.0,3.1504782422577335,9.568545115912364
1257.0,3.1504122585510705,9.569360769663655
1258.0,3.1503463579175834,9.570176023557183
1259.0,3.150280540140483,9.570990878096595
1260.0,3.1502148050034844,9.5718053337844
1261.0,3.1501491522908056,9.57261939112197
1262.0,3.150083581787166,9.573433050609538
1263.0,3.1500180932777844,9.574246312746206
1264.0,3.1499526865483785,9.575059178029953
1265.0,3.149887361385162,9.575871646957626
1266.0,3.1498221175748444,9.576683720024956
1267.0,3.1497569549046287,9.577495397726553
1268.0,3.1496918731622108,9.578306680555912
1269.0,3.1496268721357765,9.579117569005415
1270.0,3.1495619516140017,9.57992806356634
1271.0,3.1494971113860495,9.580738164728855
1272.0,3.14943235124157,9.581547872982027
1273.0,3.1493676709706984,9.582357188813823
1274.0,3.1493030703640525,9.583166112711119
1275.0,3.149238549212733,9.583974645159692
1276.0,3.1491741073083204,9.584782786644233
1277.0,3.149109744442875,9.585590537648347
1278.0,3.1490454604089346,9.586397898654553
1279.0,3.148981254999513,9.587204870144294
1280.0,3.1489171280080996,9.588011452597932
1281.0,3.148853079228657,9.588817646494759
1282.0,3.148789108455619,9.589623452312994
1283.0,3.148725215483891,9.590428870529788
1284.0,3.148661400108847,9.59123390162123
1285.0,3.1485976621263294,9.592038546062344
1286.0,3.1485340013326466,9.592842804327098
1287.0,3.1484704175245724,9.593646676888406
1288.0,3.148406910499344,9.594450164218125
1289.0,3.148343480054661,9.595253266787067
1290.0,3.1482801259886837,9.596055985064995
1291.0,3.148216848100032,9.59685831952063
1292.0,3.148153646187785,9.597660270621653
1293.0,3.148090520051477,9.598461838834707
1294.0,3.1480274694910984,9.599263024625401
1295.0,3.1479644943070944,9.600063828458312
1296.0,3.1479015943003623,9.600864250796988
1297.0,3.1478387692722514,9.601664292103953
1298.0,3.1477760190245605,9.602463952840708
1299.0,3.1477133433595372,9.603263233467734
1300.0,3.147650742079877,9.604062134444494
1301.0,3.1475882149887218,9.60486065622944
1302.0,3.1475257618896575,9.60565879928001
1303.0,3.1474633825867144,9.606456564052634
1304.0,3.1474010768843645,9.60725395100274
1305.0,3.147338844587521,9.60805096058475
1306.0,3.1472766855015357,9.608847593252088
1307.0,3.1472145994322007,9.609643849457182
1308.0,3.147152586185744,9.610439729651466
1309.0,3.1470906455688294,9.61123523428538
1310.0,3.1470287773885555,9.612030363808378
1311.0,3.146966981452454,9.61282511866893
1312.0,3.146905257568488,9.61361949931452
1313.0,3.146843605545053,9.614413506191655
1314.0,3.146782025190972,9.615207139745861
1315.0,3.146720516315497,9.616000400421694
1316.0,3.146659078728308,9.616793288662736
1317.0,3.146597712239509,9.6175858049116
1318.0,3.1465364166596292,9.618377949609934
1319.0,3.146475191799621,9.619169723198421
1320.0,3.14641403747086,9.619961126116785
1321.0,3.14635295348514,9.62075215880379
1322.0,3.1462919396546765,9.621542821697243
1323.0,3.146230995792103,9.622333115234005
1324.0,3.1461701217104694,9.62312303984998
1325.0,3.1461093172232424,9.62391259598013
1326.0,3.1460485821443025,9.624701784058466
1327.0,3.145987916287945,9.625490604518061
1328.0,3.145927319468876,9.62627905779105
1329.0,3.1458667915022143,9.62706714430863
1330.0,3.1458063322034873,9.627854864501058
1331.0,3.1457459413886317,9.628642218797669
1332.0,3.145685618873992,9.629429207626861
1333.0,3.145625364476319,9.630215831416113
1334.0,3.1455651780127685,9.631002090591972
1335.0,3.145505059300901,9.63178798558007
1336.0,3.1454450081586796,9.632573516805117
1337.0,3.1453850244044688,9.633358684690908
1338.0,3.145325107857034,9.634143489660325
1339.0,3.1452652583355407,9.634927932135337
1340.0,3.1452054756595516,9.635712012537008
1341.0,3.145145759649027,9.63649573128549
1342.0,3.1450861101243235,9.637279088800039
1343.0,3.1450265269061926,9.638062085499001
1344.0,3.144967009815779,9.638844721799833
1345.0,3.144907558674621,9.63962699811909
1346.0,3.1448481733046476,9.640408914872433
1347.0,3.1447888535281785,9.641190472474637
1348.0,3.1447295991679227,9.641971671339583
1349.0,3.144670410046978,9.642752511880268
1350.0,3.1446112859888276,9.643532994508805
1351.0,3.1445522268173427,9.644313119636426
1352.0,3.1444932323567785,9.645092887673485
1353.0,3.1444343024317734,9.645872299029458
1354.0,3.1443754368673495,9.646651354112945
1355.0,3.1443166354889103,9.64743005333168
1356.0,3.1442578981222393,9.648208397092523
1357.0,3.1441992245935,9.648986385801466
1358.0,3.1441406147292343,9.649764019863643
1359.0,3.144082068356361,9.650541299683319
1360.0,3.1440235853021754,9.651318225663902
1361.0,3.1439651653943477,9.652094798207942
1362.0,3.143906808460923,9.652871017717137
1363.0,3.1438485143303185,9.653646884592328
1364.0,3.1437902828313242,9.654422399233507
1365.0,3.1437321137931007,9.655197562039818
1366.0,3.143674007045178,9.65597237340956
1367.0,3.1436159624174564,9.656746833740186
1368.0,3.1435579797402027,9.657520943428311
1369.0,3.143500058844051,9.65829470286971
1370.0,3.143442199560001,9.659068112459321
1371.0,3.1433844017194175,9.659841172591246
1372.0,3.143326665154029,9.660613883658757
1373.0,3.143268989695926,9.661386246054295
1374.0,3.143211375177562,9.662158260169477
1375.0,3.14315382143175,9.662929926395089
1376.0,3.143096328291663,9.663701245121096
1377.0,3.143038895590833,9.664472216736645
1378.0,3.142981523163149,9.665242841630059
1379.0,3.1429242108428577,9.66601312018885
1380.0,3.1428669584645603,9.666783052799714
1381.0,3.1428097658632135,9.66755263984853
1382.0,3.142752632874127,9.668321881720376
1383.0,3.142695559332964,9.669090778799514
1384.0,3.142638545075739,9.669859331469409
1385.0,3.1425815899388168,9.670627540112713
1386.0,3.1425246937589124,9.671395405111285
1387.0,3.14246785637309,9.67216292684618
1388.0,3.1424110776187613,9.672930105697658
1389.0,3.1423543573336845,9.673696942045185
1390.0,3.142297695355964,9.674463436267432
1391.0,3.142241091524049,9.675229588742283
1392.0,3.142184545676733,9.67599539984683
1393.0,3.142128057653152,9.67676086995738
1394.0,3.142071627292785,9.67752599944946
1395.0,3.1420152544354507,9.678290788697806
1396.0,3.1419589389213094,9.679055238076383
1397.0,3.14190268059086,9.679819347958375
1398.0,3.14184647928494,9.680583118716187
1399.0,3.1417903348447234,9.681346550721456
1400.0,3.141734247111722,9.68210964434504
1401.0,3.1416782159277816,9.682872399957036
1402.0,3.1416222411350843,9.683634817926768
1403.0,3.141566322576145,9.684396898622794
1404.0,3.141510460093811,9.685158642412912
1405.0,3.141454653531262,9.685920049664157
1406.0,3.141398902732009,9.686681120742803
1407.0,3.1413432075398915,9.687441856014368
1408.0,3.14128756779908,9.688202255843617
1409.0,3.1412319833540723,9.688962320594559
1410.0,3.1411764540496936,9.68972205063045
1411.0,3.1411209797310953,9.6904814463138
1412.0,3.1410655602437547,9.69124050800637
1413.0,3.141010195433474,9.691999236069174
1414.0,3.140954885146378,9.692757630862486
1415.0,3.140899629228916,9.693515692745835
1416.0,3.1408444275278584,9.694273422078014
1417.0,3.1407892798902965,9.695030819217076
1418.0,3.1407341861636424,9.695787884520339
1419.0,3.1406791461956276,9.696544618344387
1420.0,3.140624159834301,9.697301021045073
1421.0,3.140569226928031,9.69805709297752
1422.0,3.1405143473255017,9.69881283449612
1423.0,3.1404595208757127,9.699568245954545
1424.0,3.1404047474279793,9.700323327705739
1425.0,3.1403500268319307,9.701078080101924
1426.0,3.1402953589375096,9.701832503494602
1427.0,3.1402407435949717,9.702586598234557
1428.0,3.1401861806548834,9.703340364671856
1429.0,3.140131669968123,9.704093803155851
1430.0,3.1400772113858775,9.704846914035182
1431.0,3.140022804759644,9.705599697657778
1432.0,3.139968449941228,9.706352154370858
1433.0,3.1399141467827416,9.707104284520936
1434.0,3.1398598951366044,9.707856088453818
1435.0,3.139805694855541,9.708607566514608
1436.0,3.1397515457925818,9.709358719047708
1437.0,3.139697447801061,9.71010954639682
1438.0,3.139643400734616,9.71086004890495
1439.0,3.1395894044471873,9.711610226914402
1440.0,3.1395354587930164,9.712360080766793
1441.0,3.1394815636266467,9.713109610803041
1442.0,3.1394277188029203,9.713858817363379
1443.0,3.13937392417698,9.714607700787345
1444.0,3.139320179604266,9.715356261413795
1445.0,3.1392664849405167,9.716104499580897
1446.0,3.139212840041768,9.716852415626134
1447.0,3.1391592447643504,9.71760000988631
1448.0,3.1391056989648916,9.718347282697549
1449.0,3.139052202500312,9.719094234395293
1450.0,3.1389987552278273,9.71984086531431
1451.0,3.1389453570049453,9.720587175788696
1452.0,3.1388920076894657,9.721333166151867
1453.0,3.1388387071394805,9.722078836736573
1454.0,3.138785455213372,9.722824187874892
1455.0,3.1387322517698117,9.723569219898234
1456.0,3.138679096667761,9.724313933137346
1457.0,3.13862598976647,9.725058327922305
1458.0,3.1385729309254744,9.72580240458253
1459.0,3.138519920004599,9.726546163446779
1460.0,3.1384669568639527,9.727289604843145
1461.0,3.1384140413639314,9.72803272909907
1462.0,3.1383611733652144,9.728775536541335
1463.0,3.1383083527287647,9.72951802749607
1464.0,3.1382555793158287,9.730260202288752
1465.0,3.138202852987935,9.731002061244206
1466.0,3.138150173606894,9.731743604686606
1467.0,3.138097541034796,9.732484832939482
1468.0,3.1380449551340126,9.733225746325717
1469.0,3.1379924157671932,9.733966345167547
1470.0,3.137939922797267,9.734706629786567
1471.0,3.13788747608744,9.735446600503733
1472.0,3.137835075501196,9.73618625763936
1473.0,3.137782720902295,9.736925601513125
1474.0,3.1377304121547724,9.737664632444067
1475.0,3.137678149122939,9.738403350750595
1476.0,3.1376259316713795,9.73914175675048
1477.0,3.137573759664952,9.739879850760865
1478.0,3.137521632968787,9.740617633098262
1479.0,3.1374695514482878,9.741355104078558
1480.0,3.137417514969128,9.742092264017009
1481.0,3.1373655233972526,9.742829113228247
1482.0,3.1373135765988764,9.743565652026282
1483.0,3.1372616744404835,9.744301880724503
1484.0,3.1372098167888263,9.745037799635679
1485.0,3.1371580035109243,9.745773409071955
1486.0,3.1371062344740652,9.746508709344866
1487.0,3.1370545095458024,9.747243700765328
1488.0,3.1370028285939555,9.747978383643643
1489.0,3.1369511914866086,9.748712758289503
1490.0,3.13689959809211,9.749446825011987
1491.0,3.136848048279073,9.750180584119564
1492.0,3.1367965419163713,9.750914035920097
1493.0,3.136745078873143,9.751647180720841
1494.0,3.1366936590187873,9.75238001882845
1495.0,3.136642282222964,9.753112550548972
1496.0,3.1365909483555927,9.75384477618785
1497.0,3.1365396572868534,9.754576696049936
1498.0,3.1364884088871845,9.755308310439474
1499.0,3.1364372030272825,9.756039619660116
1500.0,3.1363860395781016,9.756770624014917
1501.0,3.136334918410853,9.75750132380634
1502.0,3.136283839397004,9.75823171933625
1503.0,3.1362328024082773,9.758961810905925
1504.0,3.1361818073166505,9.759691598816055
1505.0,3.1361308539943553,9.760421083366737
1506.0,3.136079942313877,9.761150264857484
1507.0,3.1360290721479545,9.761879143587224
1508.0,3.135978243369578,9.762607719854302
1509.0,3.1359274558519896,9.763335993956476
1510.0,3.1358767094686826,9.764063966190927
1511.0,3.1358260040934,9.764791636854257
1512.0,3.1357753396001353,9.765519006242489
1513.0,3.1357247158631303,9.766246074651066
1514.0,3.1356741327568756,9.766972842374864
1515.0,3.1356235901561096,9.767699309708178
1516.0,3.1355730879358172,9.768425476944731
1517.0,3.1355226259712308,9.769151344377681
1518.0,3.1354722041378276,9.769876912299612
1519.0,3.1354218223113306,9.77060218100254
1520.0,3.135371480367707,9.771327150777914
1521.0,3.1353211781831685,9.772051821916621
1522.0,3.1352709156341696,9.772776194708982
1523.0,3.135220692597408,9.773500269444755
1524.0,3.1351705089498236,9.774224046413138
1525.0,3.1351203645685968,9.774947525902771
1526.0,3.1350702593311497,9.775670708201732
1527.0,3.1350201931151447,9.776393593597543
1528.0,3.134970165798483,9.777116182377174
1529.0,3.134920177259306,9.777838474827037
1530.0,3.1348702273759925,9.778560471232995
1531.0,3.13482031602716,9.779282171880354
1532.0,3.134770443091662,9.780003577053874
1533.0,3.1347206084485904,9.780724687037766
1534.0,3.134670811977271,9.781445502115695
1535.0,3.1346210535572667,9.782166022570776
1536.0,3.1345713330683744,9.782886248685582
1537.0,3.1345216503906252,9.783606180742142
1538.0,3.1344720054042843,9.784325819021944
1539.0,3.1344223979898493,9.785045163805936
1540.0,3.134372828028051,9.785764215374524
1541.0,3.134323295399851,9.786482974007576
1542.0,3.134273799986443,9.787201439984427
1543.0,3.1342243416692517,9.787919613583874
1544.0,3.1341749203299307,9.78863749508418
1545.0,3.134125535850364,9.789355084763075
1546.0,3.134076188112665,9.790072382897758
1547.0,3.1340268769991737,9.7907893897649
1548.0,3.1339776023924597,9.791506105640638
1549.0,3.1339283641753184,9.792222530800586
1550.0,3.133879162230773,9.79293866551983
1551.0,3.1338299964420724,9.793654510072933
1552.0,3.1337808666926907,9.794370064733931
1553.0,3.1337317728663274,9.79508532977634
1554.0,3.133682714846906,9.795800305473152
1555.0,3.1336336925185737,9.796514992096844
1556.0,3.1335847057657014,9.79722938991937
1557.0,3.1335357544728826,9.797943499212167
1558.0,3.1334868385249326,9.798657320246159
1559.0,3.1334379578068887,9.799370853291752
1560.0,3.133389112204009,9.80008409861884
1561.0,3.1333403016017716,9.800797056496803
1562.0,3.1332915258858756,9.801509727194512
1563.0,3.133242784942239,9.802222110980326
1564.0,3.133194078656998,9.802934208122098
1565.0,3.1331454069165074,9.80364601888717
1566.0,3.1330967696073406,9.80435754354238
1567.0,3.1330481666162875,9.805068782354063
1568.0,3.1329995978303544,9.805779735588045
1569.0,3.132951063136764,9.806490403509654
1570.0,3.132902562422955,9.807200786383715
1571.0,3.13285409557658,9.807910884474554
1572.0,3.132805662485507,9.808620698045996
1573.0,3.1327572630378184,9.80933022736137
1574.0,3.132708897121809,9.810039472683506
1575.0,3.1326605646259864,9.810748434274743
1576.0,3.132612265439072,9.811457112396921
1577.0,3.1325639994499976,9.812165507311391
1578.0,3.1325157665479075,9.81287361927901
1579.0,3.132467566622156,9.813581448560146
1580.0,3.1324193995623077,9.814288995414676
1581.0,3.1323712652581372,9.814996260101989
1582.0,3.1323231635996285,9.815703242880987
1583.0,3.132275094476974,9.816409944010086
1584.0,3.1322270577805753,9.81711636374722
1585.0,3.13217905340104,9.817822502349834
1586.0,3.132131081229184,9.818528360074897
1587.0,3.13208314115603,9.81923393717889
1588.0,3.132035233072807,9.819939233917818
1589.0,3.1319873568709484,9.820644250547208
1590.0,3.131939512442094,9.821348987322105
1591.0,3.131891699678088,9.822053444497083
1592.0,3.1318439184709783,9.822757622326236
1593.0,3.131796168713017,9.823461521063184
1594.0,3.131748450296659,9.824165140961073
1595.0,3.1317007631145626,9.82486848227258
1596.0,3.131653107059587,9.82557154524991
1597.0,3.131605482024794,9.826274330144795
1598.0,3.1315578879034462,9.826976837208502
1599.0,3.1315103245890072,9.827679066691829
1600.0,3.1314627919751405,9.828381018845105
1601.0,3.1314152899557097,9.829082693918199
1602.0,3.131367818424777,9.82978409216051
1603.0,3.1313203772766034,9.830485213820976
1604.0,3.131272966405649,9.831186059148074
1605.0,3.1312255857065705,9.831886628389817
1606.0,3.1311782350742225,9.83258692179376
1607.0,3.1311309144036565,9.833286939607001
1608.0,3.1310836235901203,9.833986682076176
1609.0,3.131036362529057,9.834686149447466
1610.0,3.1309891311161056,9.835385341966596
1611.0,3.1309419292470997,9.836084259878838
1612.0,3.1308947568180674,9.83678290342901
1613.0,3.1308476137252312,9.837481272861474
1614.0,3.130800499865006,9.838179368420148
1615.0,3.130753415134001,9.83887719034849
1616.0,3.1307063594290168,9.83957473888952
1617.0,3.130659332647047,9.840272014285798
1618.0,3.130612334685276,9.840969016779445
1619.0,3.1305653654410803,9.841665746612133
1620.0,3.130518424812026,9.84236220402509
1621.0,3.1304715126958698,9.843058389259099
1622.0,3.1304246289905584,9.8437543025545
1623.0,3.130377773594228,9.84444994415119
1624.0,3.130330946405203,9.84514531428863
1625.0,3.1302841473219964,9.845840413205833
1626.0,3.1302373762433096,9.84653524114138
1627.0,3.1301906330680307,9.847229798333412
1628.0,3.1301439176952357,9.847924085019633
1629.0,3.1300972300241865,9.848618101437312
1630.0,3.1300505699543315,9.849311847823282
1631.0,3.1300039373853044,9.850005324413942
1632.0,3.1299573322169243,9.850698531445259
1633.0,3.1299107543491953,9.85139146915277
1634.0,3.129864203682306,9.852084137771577
1635.0,3.1298176801166284,9.852776537536355
1636.0,3.129771183552718,9.853468668681353
1637.0,3.129724713891314,9.854160531440387
1638.0,3.1296782710333373,9.85485212604685
1639.0,3.1296318548798916,9.855543452733707
1640.0,3.129585465332262,9.856234511733499
1641.0,3.129539102291915,9.856925303278343
1642.0,3.1294927656604976,9.857615827599936
1643.0,3.129446455339838,9.858306084929549
1644.0,3.1294001712319433,9.858996075498034
1645.0,3.1293539132390014,9.859685799535823
1646.0,3.129307681263378,9.86037525727293
1647.0,3.1292614752076187,9.861064448938949
1648.0,3.129215294974447,9.86175337476306
1649.0,3.1291691404667636,9.862442034974025
1650.0,3.1291230115876476,9.863130429800192
1651.0,3.1290769082403544,9.863818559469493
1652.0,3.129030830328316,9.864506424209448
1653.0,3.128984777755141,9.865194024247167
1654.0,3.128938750424614,9.865881359809345
1655.0,3.1288927482406934,9.86656843112227
1656.0,3.1288467711075145,9.867255238411818
1657.0,3.128800818929386,9.86794178190346
1658.0,3.128754891610791,9.868628061822255
1659.0,3.1287089890563853,9.86931407839286
1660.0,3.1286631111709995,9.869999831839522
1661.0,3.1286172578596365,9.870685322386088
1662.0,3.1285714290274713,9.871370550255998
1663.0,3.1285256245798507,9.872055515672292
1664.0,3.1284798444222943,9.872740218857606
1665.0,3.1284340884604918,9.873424660034175
1666.0,3.1283883566003037,9.874108839423835
1667.0,3.128342648747762,9.874792757248022
1668.0,3.128296964809068,9.875476413727775
1669.0,3.128251304690592,9.876159809083733
1670.0,3.128205668298875,9.876842943536143
1671.0,3.1281600555406253,9.877525817304853
1672.0,3.1281144663227205,9.87820843060932
1673.0,3.1280689005522064,9.8788907836686
1674.0,3.1280233581362955,9.879572876701367
1675.0,3.1279778389823685,9.880254709925893
1676.0,3.127932342997972,9.880936283560066
1677.0,3.1278868700908204,9.88161759782138
1678.0,3.127841420168793,9.882298652926943
1679.0,3.1277959931399355,9.882979449093472
1680.0,3.1277505889124577,9.883659986537298
1681.0,3.127705207394736,9.884340265474362
1682.0,3.1276598484953095,9.885020286120225
1683.0,3.127614512122883,9.88570004869006
1684.0,3.127569198186324,9.886379553398656
1685.0,3.1275239065946643,9.887058800460421
1686.0,3.1274786372570977,9.887737790089378
1687.0,3.127433390082981,9.888416522499172
1688.0,3.1273881649818334,9.889094997903063
1689.0,3.1273429618633357,9.889773216513936
1690.0,3.1272977806373308,9.890451178544295
1691.0,3.1272526212138216,9.891128884206266
1692.0,3.1272074835029726,9.891806333711598
1693.0,3.127162367415108,9.892483527271665
1694.0,3.1271172728607124,9.893160465097466
1695.0,3.12707219975043,9.893837147399623
1696.0,3.1270271479950638,9.894513574388386
1697.0,3.1269821175055763,9.895189746273633
1698.0,3.126937108193088,9.89586566326487
1699.0,3.1268921199688777,9.89654132557123
1700.0,3.1268471527443817,9.897216733401477
1701.0,3.1268022064311944,9.897891886964004
1702.0,3.1267572809410664,9.898566786466839
1703.0,3.126712376185905,9.89924143211764
1704.0,3.1266674920777744,9.899915824123697
1705.0,3.1266226285288945,9.900589962691937
1706.0,3.126577785451641,9.901263848028918
1707.0,3.1265329627585436,9.901937480340836
1708.0,3.1264881603622885,9.902610859833521
1709.0,3.1264433781757153,9.903283986712443
1710.0,3.1263986161118185,9.90395686118271
1711.0,3.1263538740837458,9.904629483449067
1712.0,3.1263091520047985,9.9053018537159
1713.0,3.126264449788431,9.905973972187232
1714.0,3.1262197673482506,9.90664583906673
1715.0,3.126175104598017,9.907317454557704
1716.0,3.126130461451641,9.907988818863107
1717.0,3.1260858378231866,9.90865993218553
1718.0,3.126041233626868,9.909330794727218
1719.0,3.125996648777051,9.910001406690052
1720.0,3.1259520831882512,9.910671768275563
1721.0,3.1259075367751357,9.91134187968493
1722.0,3.125863009452521,9.912011741118976
1723.0,3.1258185011353725,9.912681352778176
1724.0,3.1257740117388058,9.913350714862652
1725.0,3.125729541178085,9.914019827572176
1726.0,3.1256850893686234,9.914688691106171
1727.0,3.1256406562259813,9.915357305663713
1728.0,3.125596241665868,9.916025671443528
1729.0,3.1255518456041402,9.916693788643995
1730.0,3.125507467956801,9.917361657463148
1731.0,3.1254631086400013,9.918029278098677
1732.0,3.1254187675700384,9.918696650747924
1733.0,3.1253744446633553,9.919363775607888
1734.0,3.125330139836542,9.920030652875225
1735.0,3.125285853006332,9.92069728274625
1736.0,3.125241584089607,9.921363665416935
1737.0,3.1251973330033906,9.922029801082912
1738.0,3.125153099664853,9.922695689939472
1739.0,3.1251088839913073,9.923361332181566
1740.0,3.1250646859002114,9.924026728003806
1741.0,3.1250205053091666,9.92469187760047
1742.0,3.1249763421359176,9.925356781165494
1743.0,3.1249321962983516,9.926021438892482
1744.0,3.1248880677144983,9.926685850974698
1745.0,3.1248439563025303,9.927350017605074
1746.0,3.1247998619807618,9.928013938976207
1747.0,3.1247557846676486,9.92867761528036
1748.0,3.124711724281788,9.929341046709466
1749.0,3.124667680741918,9.930004233455122
1750.0,3.124623653966918,9.930667175708596
1751.0,3.124579643875807,9.931329873660824
1752.0,3.124535650387744,9.931992327502414
1753.0,3.1244916734220283,9.932654537423645
1754.0,3.1244477128980983,9.933316503614465
1755.0,3.1244037687355313,9.933978226264498
1756.0,3.124359840854044,9.934639705563038
1757.0,3.1243159291734908,9.935300941699055
1758.0,3.124272033613865,9.935961934861192
1759.0,3.1242281540952974,9.936622685237767
1760.0,3.1241842905380564,9.937283193016775
1761.0,3.124140442862547,9.937943458385888
1762.0,3.1240966109893127,9.938603481532455
1763.0,3.124052794839032,9.939263262643502
1764.0,3.1240089943325207,9.939922801905734
1765.0,3.1239652093907297,9.940582099505537
1766.0,3.1239214399347466,9.941241155628974
1767.0,3.1238776858857937,9.941899970461794
1768.0,3.1238339471652288,9.942558544189422
1769.0,3.1237902236945443,9.943216876996969
1770.0,3.123746515395367,9.943874969069226
1771.0,3.123702822189458,9.944532820590672
1772.0,3.1236591439987125,9.945190431745464
1773.0,3.123615480745159,9.94584780271745
1774.0,3.123571832350959,9.94650493369016
1775.0,3.123528198738408,9.947161824846814
1776.0,3.123484579829933,9.947818476370314
1777.0,3.1234409755480943,9.948474888443252
1778.0,3.1233973858155837,9.949131061247911
1779.0,3.1233538105552254,9.949786994966258
1780.0,3.1233102496899745,9.950442689779955
1781.0,3.1232667031429178,9.95109814587035
1782.0,3.1232231708372726,9.951753363418486
1783.0,3.123179652696387,9.952408342605095
1784.0,3.12313614864374,9.953063083610601
1785.0,3.12309265860294,9.953717586615124
1786.0,3.123049182497725,9.954371851798475
1787.0,3.123005720251963,9.95502587934016
1788.0,3.1229622717896515,9.955679669419384
1789.0,3.122918837034916,9.95633322221504
1790.0,3.122875415912011,9.956986537905722
1791.0,3.1228320083453203,9.957639616669724
1792.0,3.122788614259354,9.95829245868503
1793.0,3.122745233578751,9.95894506412933
1794.0,3.1227018662282777,9.959597433180008
1795.0,3.122658512132827,9.960249566014149
1796.0,3.1226151712174204,9.96090146280854
1797.0,3.122571843407204,9.961553123739666
1798.0,3.122528528627451,9.962204548983717
1799.0,3.122485226803562,9.96285573871658
1800.0,3.122441937861061,9.963506693113851
1801.0,3.1223986617255997,9.964157412350827
1802.0,3.1223553983229535,9.964807896602506
1803.0,3.122312147579024,9.965458146043597
1804.0,3.122268909419837,9.966108160848508
1805.0,3.122225683771542,9.966757941191357
1806.0,3.1221824705604138,9.967407487245968
1807.0,3.1221392697128505,9.96805679918587
1808.0,3.1220960811553744,9.968705877184304
1809.0,3.1220529048146304,9.969354721414215
1810.0,3.1220097406173863,9.97000333204826
1811.0,3.1219665884905337,9.970651709258805
1812.0,3.121923448361086,9.971299853217927
1813.0,3.121880320156179,9.971947764097415
1814.0,3.12183720380307,9.972595442068766
1815.0,3.1217940992291395,9.973242887303192
1816.0,3.121751006361888,9.973890099971618
1817.0,3.121707925128938,9.97453708024468
1818.0,3.1216648554580324,9.975183828292732
1819.0,3.1216217972770353,9.97583034428584
1820.0,3.1215787505139305,9.976476628393783
1821.0,3.1215357150968224,9.977122680786062
1822.0,3.1214926909539353,9.977768501631889
1823.0,3.121449678013613,9.978414091100197
1824.0,3.1214066762043187,9.979059449359632
1825.0,3.121363685454635,9.979704576578563
1826.0,3.1213207056932624,9.980349472925075
1827.0,3.121277736849021,9.980994138566977
1828.0,3.121234778850849,9.981638573671791
1829.0,3.1211918316278022,9.982282778406764
1830.0,3.1211488951090542,9.982926752938866
1831.0,3.1211059692238967,9.983570497434783
1832.0,3.1210630539017385,9.98421401206093
1833.0,3.1210201490721055,9.984857296983439
1834.0,3.12097725466464,9.98550035236817
1835.0,3.120934370609101,9.986143178380706
1836.0,3.120891496835364,9.986785775186354
1837.0,3.12084863327342,9.987428142950147
1838.0,3.1208057798533764,9.988070281836844
1839.0,3.120762936505456,9.988712192010931
1840.0,3.1207201031599965,9.989353873636619
1841.0,3.120677279747451,9.989995326877848
1842.0,3.1206344661983874,9.990636551898287
1843.0,3.1205916624434877,9.991277548861335
1844.0,3.1205488684135485,9.991918317930116
1845.0,3.12050608403948,9.992558859267486
1846.0,3.1204633092523073,9.993199173036034
1847.0,3.1204205439831676,9.993839259398078
1848.0,3.120377788163313,9.994479118515667
1849.0,3.1203350417241067,9.995118750550583
1850.0,3.1202923045970263,9.99575815566434
1851.0,3.1202495767136615,9.996397334018187
1852.0,3.120206858005714,9.997036285773106
1853.0,3.120164148404998,9.997675011089813
1854.0,3.1201214478434394,9.99831351012876
1855.0,3.120078756253075,9.998951783050135
1856.0,3.120036073566055,9.999589830013859
1857.0,3.119993399714638,10.000227651179593
1858.0,3.119950734631195,10.000865246706732
1859.0,3.1199080782482085,10.001502616754413
1860.0,3.11986543049827,10.002139761481509
1861.0,3.119822791314081,10.002776681046631
1862.0,3.1197801606284536,10.003413375608131
1863.0,3.11973753837431,10.0040498453241
1864.0,3.1196949244846808,10.00468609035237
1865.0,3.1196523188927068,10.005322110850514
1866.0,3.119609721531637,10.005957906975846
1867.0,3.11956713233483,10.006593478885422
1868.0,3.119524551235753,10.007228826736043
1869.0,3.1194819781679795,10.00786395068425
1870.0,3.1194394130651935,10.00849885088633
1871.0,3.119396855861186,10.009133527498312
1872.0,3.1193543064898552,10.009767980675973
1873.0,3.119311764885207,10.010402210574831
1874.0,3.119269230981354,10.011036217350155
1875.0,3.119226704712517,10.011670001156954
1876.0,3.119184186013022,10.01230356214999
1877.0,3.1191416748173024,10.01293690048377
1878.0,3.1190991710598976,10.013570016312547
1879.0,3.119056674675453,10.014202909790328
1880.0,3.1190141855987195,10.014835581070862
1881.0,3.118971703764554,10.015468030307654
1882.0,3.1189292291079185,10.016100257653951
1883.0,3.1188867615638802,10.01673226326276
1884.0,3.1188443010676115,10.017364047286833
1885.0,3.118801847554389,10.017995609878673
1886.0,3.1187594009595934,10.018626951190539
1887.0,3.1187169612187104,10.019258071374441
1888.0,3.11867452826733,10.01988897058214
1889.0,3.1186321020411443,10.020519648965156
1890.0,3.118589682475951,10.021150106674755
1891.0,3.11854726950765,10.021780343861964
1892.0,3.1185048630722445,10.022410360677565
1893.0,3.118462463105841,10.023040157272092
1894.0,3.118420069544648,10.023669733795838
1895.0,3.1183776823249767,10.024299090398852
1896.0,3.118335301383241,10.024928227230939
1897.0,3.118292926655957,10.025557144441661
1898.0,3.1182505580797417,10.026185842180343
1899.0,3.1182081955913143,10.026814320596063
1900.0,3.1181658391274953,10.027442579837661
1901.0,3.1181234886252067,10.028070620053736
1902.0,3.118081144021471,10.028698441392647
1903.0,3.1180388052534114,10.029326044002513
1904.0,3.1179964722582523,10.029953428031215
1905.0,3.117954144973318,10.030580593626397
1906.0,3.1179118233360326,10.031207540935462
1907.0,3.117869507283921,10.031834270105577
1908.0,3.117827196754607,10.032460781283673
1909.0,3.1177848916858144,10.033087074616443
1910.0,3.1177425920153663,10.033713150250346
1911.0,3.1177002976811843,10.034339008331603
1912.0,3.1176580086212895,10.034964649006202
1913.0,3.1176157247738012,10.035590072419895
1914.0,3.1175734460769378,10.036215278718199
1915.0,3.117531172469015,10.0368402680464
1916.0,3.117488903888448,10.037465040549552
1917.0,3.1174466402737484,10.038089596372473
1918.0,3.117404381563526,10.038713935659748
1919.0,3.1173621276964885,10.039338058555735
1920.0,3.1173198786114398,10.039961965204556
1921.0,3.117277634247282,10.040585655750107
1922.0,3.117235394543013,10.041209130336048
1923.0,3.117193159437728,10.041832389105815
1924.0,3.117150928870618,10.042455432202612
1925.0,3.117108702780971,10.043078259769413
1926.0,3.117066481108171,10.043700871948964
1927.0,3.1170242637916967,10.044323268883785
1928.0,3.116982050771124,10.044945450716167
1929.0,3.116939841986123,10.045567417588174
1930.0,3.11689763737646,10.046189169641643
1931.0,3.116855436881995,10.046810707018187
1932.0,3.1168132404426845,10.047432029859191
1933.0,3.116771047998578,10.048053138305816
1934.0,3.116728859489821,10.048674032499
1935.0,3.1166866748566515,10.049294712579451
1936.0,3.1166444940394036,10.049915178687659
1937.0,3.1166023169785033,10.050535430963889
1938.0,3.1165601436144716,10.051155469548181
1939.0,3.1165179738879227,10.051775294580356
1940.0,3.1164758077395636,10.05239490620001
1941.0,3.1164336451101944,10.053014304546519
1942.0,3.1163914859407087,10.053633489759036
1943.0,3.1163493301720924,10.054252461976498
1944.0,3.116307177745424,10.054871221337615
1945.0,3.1162650286018745,10.055489767980884
1946.0,3.1162228826827065,10.056108102044576
1947.0,3.1161807399292747,10.056726223666749
1948.0,3.116138600283026,10.057344132985238
1949.0,3.116096463685498,10.057961830137662
1950.0,3.116054330078321,10.058579315261426
1951.0,3.115176691242947,10.059196005732115
1952.0,3.1142991150249477,10.059811321010608
1953.0,3.1134216001244233,10.060425264231748
1954.0,3.112544145246017,10.061037838520294
1955.0,3.1116667490988936,10.061649046990965
1956.0,3.1107894103967153,10.062258892748487
1957.0,3.1099121278576205,10.062867378887642
1958.0,3.1090349002042017,10.063474508493323
1959.0,3.1081577261634825,10.064080284640573
1960.0,3.1072806044668964,10.064684710394635
1961.0,3.106403533850264,10.065287788811002
1962.0,3.1055265130537717,10.06588952293546
1963.0,3.104649540821951,10.066489915804139
1964.0,3.1037726159036554,10.067088970443551
1965.0,3.10289573705204,10.06768668987065
1966.0,3.102018903024541,10.068283077092863
1967.0,3.101142112582853,10.068878135108145
1968.0,3.100265364492909,10.069471866905019
1969.0,3.0993886575248593,10.070064275462626
1970.0,3.098511990453052,10.070655363750765
1971.0,3.09763536205601,10.07124513472994
1972.0,3.0967587711164133,10.071833591351405
1973.0,3.0958822164210766,10.072420736557202
1974.0,3.0950056967609307,10.073006573280214
1975.0,3.0941292109310012,10.073591104444198
1976.0,3.093252757730389,10.074174332963837
1977.0,3.092376335962251,10.07475626174478
1978.0,3.0914999444337803,10.07533689368368
1979.0,3.0906235819561854,10.075916231668243
1980.0,3.0897472473446723,10.076494278577268
1981.0,3.0888709394184244,10.077071037280685
1982.0,3.087994657000584,10.077646510639601
1983.0,3.087118398918232,10.078220701506341
1984.0,3.0862421640023707,10.078793612724487
1985.0,3.085365951087903,10.079365247128921
1986.0,3.0844897590136147,10.079935607545863
1987.0,3.0836135866221555,10.080504696792914
1988.0,3.0827374327600214,10.081072517679095
1989.0,3.0818612962775354,10.081639073004887
1990.0,3.080985176028829,10.082204365562271
1991.0,3.0801090708718246,10.082768398134766
1992.0,3.079232979668218,10.08333117349747
1993.0,3.0783569012834584,10.083892694417099
1994.0,3.0774808345867335,10.084452963652025
1995.0,3.076604778450949,10.085011983952313
1996.0,3.0757287317527124,10.085569758059762
1997.0,3.074852693372315,10.086126288707941
1998.0,3.0739766621937155,10.08668157862223
1999.0,3.0731006371045204,10.087235630519853
2000.0,3.0722246169959693,10.08778844710992
2001.0,3.0713486007629167,10.08834003109346
2002.0,3.070472587303814,10.088890385163463
2003.0,3.0695965755206953,10.08943951200491
2004.0,3.068720564319157,10.089987414294818
2005.0,3.067844552608344,10.090534094702267
2006.0,3.0669685393009316,10.091079555888443
2007.0,3.06609252331311,10.091623800506673
2008.0,3.0652165035645673,10.092166831202457
2009.0,3.0643404789784725,10.092708650613508
2010.0,3.0634644484814606,10.093249261369785
2011.0,3.062588411003616,10.093788666093529
2012.0,3.0617123654784555,10.094326867399296
2013.0,3.060836310842914,10.094863867893995
2014.0,3.0599602460373285,10.095399670176919
2015.0,3.05908417000542,10.095934276839781
2016.0,3.0582080816942807,10.09646769046675
2017.0,3.0573319800543572,10.096999913634479
2018.0,3.0564558640394353,10.097530948912146
2019.0,3.0555797326066236,10.098060798861486
2020.0,3.0547035847163406,10.098589466036819
2021.0,3.0538274193322965,10.099116952985089
2022.0,3.0529512354214807,10.099643262245893
2023.0,3.052075031954145,10.100168396351517
2024.0,3.0511988079037895,10.100692357826967
2025.0,3.0503225622471475,10.101215149189999
2026.0,3.0494462939641713,10.101736772951158
2027.0,3.048570002038016,10.102257231613804
2028.0,3.0476936854550276,10.102776527674145
2029.0,3.0468173432047254,10.103294663621272
2030.0,3.0459409742797896,10.103811641937185
2031.0,3.045064577676046,10.104327465096828
2032.0,3.0441881523924534,10.10484213556812
2033.0,3.0433116974310868,10.105355655811985
2034.0,3.042435211797125,10.105868028282385
2035.0,3.041558694498837,10.106379255426347
2036.0,3.0406821445475662,10.106889339683995
2037.0,3.0398055609577193,10.107398283488584
2038.0,3.0389289427467494,10.107906089266521
2039.0,3.0380522889351447,10.108412759437407
2040.0,3.0371755985464137,10.108918296414055
2041.0,3.0362988706070726,10.109422702602531
2042.0,3.0354221041466305,10.109925980402172
2043.0,3.0345452981975773,10.110428132205625
2044.0,3.03366845179537,10.11092916039887
2045.0,3.0327915639784186,10.11142906736125
2046.0,3.031914633788075,10.111927855465506
2047.0,3.0310376602686175,10.112425527077795
2048.0,3.03016064246724,10.112922084557725
2049.0,3.0292835794340363,10.113417530258387
2050.0,3.028406470221991,10.11391186652637
2051.0,3.027529313886964,10.114405095701807
2052.0,3.026652109487678,10.114897220118388
2053.0,3.025774856085707,10.115388242103394
2054.0,3.024897552745463,10.115878163977724
2055.0,3.024020198534183,10.116366988055923
2056.0,3.0231427925219183,10.116854716646207
2057.0,3.02226533378152,10.117341352050493
2058.0,3.0213878213886285,10.117826896564424
2059.0,3.02051025442166,10.118311352477395
2060.0,3.0196326319617954,10.118794722072582
2061.0,3.018754953092968,10.11927700762697
2062.0,3.0178772169018506,10.119758211411373
2063.0,3.0169994224778445,10.120238335690466
2064.0,3.016121568913067,10.12071738272281
2065.0,3.0152436553023403,10.121195354760877
2066.0,3.01436568074318,10.121672254051074
2067.0,3.013487644335781,10.122148082833773
2068.0,3.01260954518301,10.122622843343333
2069.0,3.01173138239039,10.123096537808129
2070.0,3.0108531550660915,10.123569168450572
2071.0,3.0099748623209193,10.124040737487139
2072.0,3.0090965032683026,10.124511247128392
2073.0,3.0082180770242823,10.124980699579014
2074.0,3.007339582707502,10.125449097037821
2075.0,3.006461019439193,10.125916441697795
2076.0,3.005582386343168,10.126382735746104
2077.0,3.0047036825458058,10.12684798136413
2078.0,3.0038249071760434,10.127312180727486
2079.0,3.002946059365363,10.127775336006053
2080.0,3.0020671382477824,10.12823744936399
2081.0,3.001188142959844,10.128698522959766
2082.0,3.000309072640603,10.129158558946182
2083.0,2.999429926431618,10.129617559470395
2084.0,2.998550703476941,10.130075526673938
2085.0,2.9976714029231037,10.130532462692749
2086.0,2.9967920239191113,10.130988369657187
2087.0,2.995912565616428,10.131443249692063
2088.0,2.995033027168969,10.131897104916659
2089.0,2.9941534077330907,10.132349937444747
2090.0,2.9932737064675776,10.132801749384619
2091.0,2.992393922533635,10.133252542839106
2092.0,2.9915140550948776,10.133702319905598
2093.0,2.990634103317319,10.134151082676071
2094.0,2.9897540663693625,10.134598833237106
2095.0,2.9888739434217904,10.135045573669915
2096.0,2.9879937336477544,10.135491306050355
2097.0,2.9871134362227663,10.135936032448958
2098.0,2.9862330503246866,10.136379754930951
2099.0,2.9853525751337164,10.136822475556276
2100.0,2.9844720098323867,10.137264196379608
2101.0,2.9835913536055485,10.137704919450384
2102.0,2.9827106056403645,10.138144646812819
2103.0,2.981829765126298,10.13858338050593
2104.0,2.980948831255105,10.139021122563554
2105.0,2.9800678032208223,10.13945787501437
2106.0,2.979186680219761,10.139893639881926
2107.0,2.9783054614504945,10.140328419184648
2108.0,2.9774241461138513,10.14076221493587
2109.0,2.9765427334129044,10.141195029143852
2110.0,2.9756612225529624,10.141626863811796
2111.0,2.974779612741561,10.142057720937874
2112.0,2.973897903188453,10.142487602515242
2113.0,2.9730160931055996,10.142916510532064
2114.0,2.972134181707161,10.14334444697153
2115.0,2.9712521682094883,10.143771413811878
2116.0,2.970370051831114,10.144197413026408
2117.0,2.9694878317927427,10.144622446583506
2118.0,2.968605507317243,10.14504651644667
2119.0,2.967723077629639,10.145469624574513
2120.0,2.9668405419571,10.1458917729208
2121.0,2.965957899528934,10.146312963434454
2122.0,2.9650751495765766,10.146733198059584
2123.0,2.964192291333585,10.147152478735501
2124.0,2.9633093240356274,10.147570807396734
2125.0,2.9624262469204754,10.147988185973052
2126.0,2.9615430592279957,10.148404616389483
2127.0,2.9606597602001408,10.148820100566333
2128.0,2.9597763490809417,10.1492346404192
2129.0,2.9588928251164988,10.149648237859001
2130.0,2.9580091875549743,10.15006089479198
2131.0,2.9571254356465833,10.150472613119737
2132.0,2.956241568643586,10.150883394739235
2133.0,2.955357585800279,10.15129324154283
2134.0,2.9544734863729887,10.151702155418278
2135.0,2.953589269620061,10.15211013824876
2136.0,2.952704934801855,10.1525171919129
2137.0,2.9518204811807336,10.152923318284776
2138.0,2.9509359080210578,10.153328519233945
2139.0,2.950051214589177,10.153732796625457
2140.0,2.9491664001534206,10.154136152319875
2141.0,2.9482814639840926,10.154538588173287
2142.0,2.9473964053534614,10.154940106037328
2143.0,2.946511223535753,10.1553407077592
2144.0,2.945625917807144,10.155740395181677
2145.0,2.9447404874457526,10.156139170143138
2146.0,2.9438549317316323,10.156537034477573
2147.0,2.942969249946763,10.156933990014602
2148.0,2.942083441375045,10.157330038579495
2149.0,2.9411975053022905,10.157725181993184
2150.0,2.940311441016216,10.158119422072284
2151.0,2.939425247806435,10.158512760629106
2152.0,2.938538924964451,10.158905199471677
2153.0,2.9376524717836507,10.159296740403754
2154.0,2.9367658875592952,10.159687385224837
2155.0,2.935879171588514,10.160077135730193
2156.0,2.9349923231702966,10.160465993710865
2157.0,2.9341053416054867,10.160853960953693
2158.0,2.9332182261967743,10.161241039241329
2159.0,2.9323309762486884,10.161627230352247
2160.0,2.9314435910675902,10.162012536060766
2161.0,2.930556069961666,10.162396958137066
2162.0,2.9296684122409204,10.162780498347196
2163.0,2.928780617217169,10.163163158453097
2164.0,2.927892684204032,10.163544940212615
2165.0,2.9270046125169262,10.163925845379515
2166.0,2.926116401473059,10.164305875703498
2167.0,2.9252280503914223,10.164685032930215
2168.0,2.924339558592784,10.165063318801286
2169.0,2.9234509253996817,10.165440735054307
2170.0,2.922562150136417,10.165817283422873
2171.0,2.921673232129049,10.166192965636592
2172.0,2.920784170705385,10.166567783421092
2173.0,2.919894965194977,10.166941738498046
2174.0,2.919005614929113,10.167314832585182
2175.0,2.9181161192408114,10.167687067396296
2176.0,2.917226477464815,10.168058444641268
2177.0,2.9163366889375832,10.168428966026081
2178.0,2.9154467529972865,10.168798633252829
2179.0,2.914556668983799,10.169167448019731
2180.0,2.913666436238694,10.169535412021151
2181.0,2.912776054105236,10.16990252694761
2182.0,2.9118855219283737,10.170268794485796
2183.0,2.910994839054736,10.170634216318586
2184.0,2.910104004832624,10.170998794125051
2185.0,2.909213018612006,10.171362529580476
2186.0,2.9083218797445096,10.171725424356373
2187.0,2.9074305875834177,10.17208748012049
2188.0,2.90653914148366,10.172448698536837
2189.0,2.9056475408018088,10.172809081265681
2190.0,2.904755784896072,10.173168629963579
2191.0,2.903863873126287,10.173527346283375
2192.0,2.9029718048539164,10.173885231874229
2193.0,2.902079579442039,10.174242288381613
2194.0,2.9011871962553455,10.17459851744734
2195.0,2.9002946546601334,10.17495392070957
2196.0,2.8994019540243,10.17530849980282
2197.0,2.8985090937173363,10.175662256357988
2198.0,2.897616073110322,10.176015192002353
2199.0,2.8967228915759193,10.176367308359596
2200.0,2.8958295484883667,10.176718607049812
2201.0,2.8949360432234745,10.177069089689523
2202.0,2.8940423751586177,10.177418757891687
2203.0,2.893148543672731,10.177767613265715
2204.0,2.892254548146303,10.178115657417484
2205.0,2.8913603879613703,10.178462891949344
2206.0,2.8904660625015133,10.178809318460138
2207.0,2.889571571151848,10.179154938545208
2208.0,2.8886769132990233,10.179499753796412
2209.0,2.887782088331213,10.179843765802135
2210.0,2.8868870956381123,10.180186976147299
2211.0,2.885991934610931,10.18052938641338
2212.0,2.885096604642389,10.180870998178415
2213.0,2.8842011051267096,10.181211813017018
2214.0,2.883305435459616,10.181551832500393
2215.0,2.882409595038324,10.181891058196337
2216.0,2.8815135832615377,10.182229491669265
2217.0,2.8806173995294446,10.182567134480212
2218.0,2.879721043243709,10.182903988186851
2219.0,2.878824513807468,10.183240054343498
2220.0,2.877927810625325,10.183575334501134
2221.0,2.877030933103347,10.183909830207405
2222.0,2.8761338806490553,10.184243543006641
2223.0,2.8752366526714246,10.184576474439869
2224.0,2.8743392485808754,10.184908626044814
2225.0,2.8734416677892693,10.185239999355927
2226.0,2.872543909709904,10.185570595904379
2227.0,2.8716459737575093,10.185900417218084
2228.0,2.87074785934824,10.186229464821707
2229.0,2.8698495658996723,10.186557740236674
2230.0,2.8689510928307995,10.186885244981184
2231.0,2.868052439562025,10.18721198057022
2232.0,2.867153605515159,10.187537948515564
2233.0,2.8662545901134124,10.187863150325798
2234.0,2.8653553927813937,10.188187587506325
2235.0,2.864456012945102,10.188511261559377
2236.0,2.8635564500319237,10.188834173984022
2237.0,2.862656703470627,10.18915632627618
2238.0,2.8617567726913578,10.18947771992863
2239.0,2.8608566571256335,10.189798356431027
2240.0,2.85995635620634,10.1901182372699
2241.0,2.8590558693677255,10.190437363928677
2242.0,2.8581551960453973,10.190755737887686
2243.0,2.8572543356763154,10.191073360624172
2244.0,2.856353287698789,10.191390233612298
2245.0,2.8554520515524726,10.191706358323167
2246.0,2.8545506266783587,10.192021736224824
2247.0,2.853649012518776,10.192336368782271
2248.0,2.8527472085173837,10.192650257457474
2249.0,2.851845214119167,10.192963403709374
2250.0,2.850943028770432,10.1932758089939
2251.0,2.8500406519188024,10.193587474763971
2252.0,2.849138083013215,10.19389840246952
2253.0,2.848235321503913,10.19420859355749
2254.0,2.847332366842445,10.194518049471855
2255.0,2.846429218481658,10.194826771653617
2256.0,2.845525875875694,10.195134761540828
2257.0,2.844622338479985,10.195442020568597
2258.0,2.84371860575125,10.195748550169098
2259.0,2.842814677147489,10.196054351771576
2260.0,2.8419105521279797,10.196359426802363
2261.0,2.841006230153274,10.196663776684886
2262.0,2.8401017106851913,10.196967402839675
2263.0,2.8391969931868166,10.197270306684374
2264.0,2.838292077122495,10.197572489633746
2265.0,2.837386961957828,10.197873953099693
2266.0,2.8364816471596694,10.198174698491254
2267.0,2.8355761321961204,10.19847472721462
2268.0,2.8346704165365266,10.198774040673143
2269.0,2.833764499651473,10.199072640267344
2270.0,2.8328583810127803,10.199370527394922
2271.0,2.8319520600935,10.199667703450768
2272.0,2.8310455363679123,10.199964169826965
2273.0,2.8301388093115194,10.200259927912805
2274.0,2.8292318784010435,10.200554979094797
2275.0,2.8283247431144223,10.200849324756671
2276.0,2.8274174029308043,10.201142966279393
2277.0,2.8265098573305463,10.201435905041171
2278.0,2.825602105795207,10.201728142417462
2279.0,2.8246941478075462,10.202019679780985
2280.0,2.823785982851518,10.202310518501728
2281.0,2.822877610412269,10.202600659946954
2282.0,2.821969029976133,10.202890105481218
2283.0,2.821060241030628,10.203178856466364
2284.0,2.8201512430644526,10.203466914261542
2285.0,2.8192420355674805,10.203754280223215
2286.0,2.818332618030759,10.204040955705167
2287.0,2.817422989946503,10.204326942058511
2288.0,2.8165131508080936,10.204612240631697
2289.0,2.815603100110072,10.20489685277052
2290.0,2.814692837348137,10.205180779818134
2291.0,2.8137823620191416,10.205464023115052
2292.0,2.812871673621088,10.20574658399916
2293.0,2.8119607716531254,10.206028463805723
2294.0,2.8110496556155455,10.206309663867396
2295.0,2.810138325009779,10.206590185514228
2296.0,2.8092267793383914,10.206870030073674
2297.0,2.8083150181050804,10.2071491988706
2298.0,2.8074030408146724,10.207427693227292
2299.0,2.8064908469731176,10.207705514463465
2300.0,2.8055784360874876,10.207982663896273
